10		22		9		0		1		1
12		24		11		0		1		1
13		10		6		3		4		7
14		15		6		8		0		8
23		39		21		0		2		2
25		42		21		0		4		4
26		27		11		4		11		15
35		67		33		0		2		2
35		54		29		0		6		6
43		25		11		3		29		32
43		16		9		2		32		34
43		13		6		5		32		37
43		17		9		2		32		34
43		29		11		4		28		32
43		5		4		5		34		39
43		20		9		0		34		34
43		19		9		0		34		34
43		28		11		0		32		32
43		14		6		3		34		37
43		11		6		8		29		37
43		3		4		10		29		39
43		35		18		0		25		25
43		43		21		0		22		22
43		50		26		0		17		17
43		63		31		0		12		12
43		80		43		0		0		0
45		2027		19		0		26		26
45		83		43		0		2		2
50		26		11		3		36		39
51		98		51		0		0		0
54		93		51		0		3		3
59		114		56		0		3		3
60		113		55		0		5		5
60		120		56		0		4		4
60		102		54		0		6		6
63		122		58		0		5		5
63		130		61		0		2		2
70		70		33		6		31		37
71		2021		17		0		54		54
74		3003		52		0		22		22
74		3029		67		7		0		7
74		2005		9		1		64		65
79		3036		69		10		0		10
81		157		80		0		1		1
82		3018		59		5		18		23
83		56		29		5		49		54
84		3014		56		4		24		28
86		151		79		0		7		7
87		165		85		0		2		2
89		37		21		3		65		68
89		7		4		6		79		85
89		33		18		3		68		71
89		32		18		3		68		71
89		65		33		6		50		56
89		6		4		6		79		85
89		21		9		3		77		80
89		61		31		0		58		58
89		55		29		0		60		60
89		60		31		1		57		58
89		76		40		0		49		49
89		51		29		1		59		60
89		71		33		0		56		56
89		57		29		0		60		60
89		79		43		0		46		46
89		90		46		0		43		43
89		87		46		0		43		43
89		84		43		0		46		46
89		74		40		0		49		49
89		89		46		0		43		43
89		73		40		0		49		49
89		97		51		0		38		38
89		125		58		0		31		31
89		124		58		0		31		31
89		134		61		0		28		28
89		118		56		0		33		33
89		135		68		0		21		21
89		136		68		0		21		21
89		142		74		0		15		15
89		143		74		0		15		15
89		170		89		0		0		0
90		49		26		5		59		64
92		68		33		6		53		59
94		189		94		0		0		0
94		3023		64		4		26		30
95		175		89		0		6		6
95		3069		79		16		0		16
95		180		90		0		5		5
96		184		94		0		2		2
97		3024		64		5		28		33
97		174		89		0		8		8
100		3080		83		17		0		17
101		3082		83		18		0		18
101		3083		83		18		0		18
101		3084		83		18		0		18
103		3043		73		11		19		30
103		205		99		0		4		4
103		204		98		0		5		5
103		211		99		0		4		4
104		217		101		0		3		3
104		2025		19		5		80		85
105		4		4		5		96		101
105		161		80		0		25		25
105		154		79		0		26		26
105		183		90		0		15		15
105		169		85		0		20		20
105		181		90		0		15		15
105		188		94		0		11		11
105		224		105		0		0		0
105		3007		52		1		52		53
105		214		101		0		4		4
105		193		97		0		8		8
106		3050		75		12		19		31
108		219		105		0		3		3
112		3063		78		15		19		34
121		2029		24		5		92		97
122		3110		100		22		0		22
122		3111		100		22		0		22
123		233		121		0		2		2
124		3021		59		6		59		65
128		3006		52		1		75		76
128		3030		67		7		54		61
128		236		121		0		7		7
130		3113		107		23		0		23
130		3114		107		23		0		23
130		3115		107		23		0		23
139		268		136		0		3		3
140		271		136		0		4		4
145		3068		79		16		50		66
146		3037		69		10		67		77
148		295		147		0		1		1
148		285		146		0		2		2
150		3127		119		31		0		31
158		3147		122		36		0		36
160		58		31		5		124		129
162		47		26		4		132		136
162		34		18		3		141		144
162		88		46		9		107		116
162		38		21		4		137		141
162		85		43		7		112		119
162		2		4		5		153		158
162		177		90		0		72		72
162		209		99		0		63		63
162		226		110		0		52		52
162		237		121		0		41		41
162		238		121		0		41		41
162		246		125		0		37		37
162		255		131		0		31		31
162		253		129		0		33		33
162		252		129		0		33		33
162		243		125		0		37		37
162		247		129		5		28		33
162		272		136		0		26		26
162		274		136		0		26		26
162		235		121		0		41		41
162		266		132		0		30		30
162		234		121		2		39		41
162		286		146		0		16		16
162		279		144		0		18		18
162		283		146		0		16		16
162		276		144		0		18		18
162		275		144		0		18		18
162		331		162		0		0		0
164		336		162		0		2		2
165		313		157		0		8		8
165		323		159		0		6		6
165		329		161		0		4		4
166		335		162		0		4		4
166		310		157		0		9		9
166		317		159		0		7		7
166		326		161		0		5		5
167		3168		126		41		0		41
168		3001		52		0		116		116
169		100		54		14		101		115
169		3051		75		12		82		94
170		3086		88		19		63		82
170		3087		88		19		63		82
173		36		18		3		152		155
173		296		153		0		20		20
173		309		155		0		18		18
173		342		173		0		0		0
173		3175		134		39		0		39
175		3034		67		8		100		108
176		3015		59		4		113		117
177		338		173		0		4		4
179		3022		64		4		111		115
179		3120		113		27		39		66
180		351		177		0		3		3
181		348		177		0		4		4
185		3065		79		15		91		106
189		321		159		0		30		30
189		337		162		0		27		27
189		378		189		0		0		0
189		349		177		0		12		12
190		3190		148		42		0		42
190		3191		148		42		0		42
191		3192		148		43		0		43
193		3071		82		16		95		111
194		385		194		0		0		0
197		392		197		0		0		0
197		3129		119		32		46		78
198		3133		119		33		46		79
203		3206		157		46		0		46
203		359		187		0		16		16
203		376		189		0		14		14
203		379		189		1		13		14
203		388		197		0		6		6
204		370		188		0		16		16
204		380		194		5		5		10
204		362		187		0		17		17
207		377		189		0		18		18
207		371		188		0		19		19
207		394		207		0		0		0
209		399		207		0		2		2
209		398		207		0		2		2
210		3222		160		50		0		50
210		3223		160		50		0		50
212		3228		162		50		0		50
214		3156		125		38		51		89
216		3013		56		4		156		160
216		406		212		0		4		4
216		403		212		0		4		4
217		3164		126		40		51		91
218		368		188		5		25		30
218		353		183		0		35		35
218		345		177		3		38		41
218		352		183		0		35		35
218		372		188		0		30		30
218		420		218		0		0		0
219		417		218		1		0		1
219		2050		35		0		184		184
221		442		221		0		0		0
228		137		68		25		135		160
231		3059		78		14		139		153
233		3176		141		38		54		92
235		3239		182		53		0		53
235		439		221		0		14		14
236		457		225		0		11		11
237		474		232		0		5		5
237		437		221		0		16		16
237		410		215		0		22		22
238		461		225		0		13		13
242		3189		142		42		58		100
242		479		240		0		2		2
243		483		240		0		3		3
246		3255		187		59		0		59
247		482		240		0		7		7
249		3262		188		61		0		61
251		493		250		0		1		1
252		2113		67		1		184		185
252		3041		69		11		172		183
254		3025		64		5		185		190
255		3028		64		6		185		191
256		69		33		6		217		223
256		18		9		3		244		247
256		86		46		8		202		210
256		12		6		5		245		250
256		400		207		0		49		49
256		454		223		0		33		33
256		469		229		0		27		27
256		477		232		0		24		24
256		475		232		0		24		24
256		471		232		0		24		24
256		452		223		0		33		33
256		459		225		0		31		31
256		467		229		0		27		27
256		484		240		0		16		16
256		487		241		0		15		15
256		480		240		4		12		16
256		508		256		0		0		0
257		3197		151		44		62		106
257		3198		151		44		62		106
259		448		222		0		37		37
259		411		215		0		44		44
259		526		259		0		0		0
261		531		261		0		0		0
261		481		240		0		21		21
261		505		255		0		6		6
261		3276		200		61		0		61
264		3286		201		63		0		63
264		523		259		0		5		5
265		3017		59		5		201		206
266		534		265		0		1		1
267		3210		157		46		64		110
268		507		256		0		12		12
268		511		256		0		12		12
268		546		268		0		0		0
269		3291		205		64		0		64
270		541		268		0		2		2
271		512		256		0		15		15
271		450		223		0		48		48
271		423		219		0		52		52
271		422		219		29		23		52
271		502		255		0		16		16
271		517		258		0		13		13
271		555		271		0		0		0
271		539		265		0		6		6
272		559		271		0		1		1
273		3298		207		66		0		66
274		562		272		0		2		2
275		563		272		0		3		3
277		2104		65		0		212		212
279		503		255		0		24		24
279		603		279		0		0		0
280		2070		51		7		222		229
282		3020		59		5		218		223
286		3314		213		73		0		73
286		617		284		0		2		2
288		3316		214		74		0		74
291		3323		215		76		0		76
294		3011		56		3		235		238
294		3044		73		11		210		221
295		3330		217		78		0		78
295		3331		217		78		0		78
296		3332		217		79		0		79
300		601		279		0		21		21
300		586		276		0		24		24
300		597		279		0		21		21
300		584		276		0		24		24
300		627		289		0		11		11
301		580		275		0		26		26
301		613		284		0		17		17
301		638		299		0		2		2
303		168		85		25		193		218
309		3055		75		13		221		234
310		3004		52		0		258		258
312		654		311		0		1		1
313		3016		59		4		250		254
315		3121		113		28		174		202
318		3360		238		80		0		80
318		3362		238		80		0		80
318		648		310		0		8		8
319		3363		238		81		0		81
319		3364		238		81		0		81
319		3365		239		80		0		80
319		2072		55		9		255		264
320		3371		239		81		0		81
325		3376		244		81		0		81
325		3377		244		81		0		81
326		3379		245		81		0		81
326		673		324		0		2		2
326		3380		245		81		0		81
326		3381		245		81		0		81
328		3253		187		58		83		141
329		3258		187		60		82		142
329		3259		187		60		82		142
330		674		326		0		4		4
331		141		68		27		236		263
331		677		326		0		5		5
332		685		327		0		5		5
340		697		333		0		7		7
343		705		338		0		5		5
344		718		342		0		2		2
346		123		58		23		265		288
346		166		85		24		237		261
346		52		29		4		313		317
346		128		61		24		261		285
346		133		61		25		260		285
346		131		61		24		261		285
346		30		18		2		326		328
346		520		259		0		87		87
346		497		250		0		96		96
346		426		219		0		127		127
346		554		270		0		76		76
346		566		272		0		74		74
346		568		272		0		74		74
346		560		271		0		75		75
346		561		271		0		75		75
346		583		276		0		70		70
346		466		229		2		115		117
346		596		278		0		68		68
346		594		278		0		68		68
346		609		282		0		64		64
346		618		287		0		59		59
346		630		289		0		57		57
346		607		282		0		64		64
346		552		270		0		76		76
346		606		282		0		64		64
346		551		270		0		76		76
346		639		305		0		41		41
346		640		305		0		41		41
346		651		310		0		36		36
346		658		311		0		35		35
346		660		322		0		24		24
346		687		327		0		19		19
346		686		327		1		18		19
346		694		330		0		16		16
346		683		327		1		18		19
346		723		346		0		0		0
346		714		340		0		6		6
349		3410		261		88		0		88
350		3274		200		61		89		150
351		733		347		0		4		4
352		742		352		0		0		0
352		3104		99		21		232		253
352		3105		99		21		232		253
352		3075		82		17		253		270
353		3281		201		62		90		152
353		727		346		0		7		7
354		737		352		0		2		2
357		764		357		0		0		0
359		3427		265		94		0		94
361		3139		121		35		205		240
361		3140		121		35		205		240
362		3204		157		45		160		205
363		3209		157		46		160		206
363		756		356		0		7		7
364		708		338		0		26		26
364		712		340		0		24		24
364		722		342		0		22		22
364		736		347		0		17		17
364		702		338		0		26		26
364		706		338		0		26		26
364		775		364		0		0		0
364		734		347		0		17		17
364		728		346		0		18		18
364		759		357		0		7		7
364		761		357		0		7		7
365		772		364		1		0		1
365		773		364		0		1		1
366		3144		122		36		208		244
367		3289		205		64		98		162
368		3294		205		65		98		163
376		730		347		0		29		29
376		770		362		0		14		14
376		748		354		0		22		22
376		753		356		0		20		20
376		750		354		0		22		22
376		711		340		0		36		36
376		806		376		0		0		0
380		3442		279		101		0		101
382		810		378		0		4		4
383		767		362		1		20		21
383		819		383		0		0		0
383		807		378		0		5		5
383		792		372		0		11		11
384		799		373		0		11		11
384		781		371		0		13		13
385		148		74		27		284		311
385		801		376		0		9		9
385		793		373		0		12		12
385		814		383		0		2		2
389		827		386		0		3		3
390		824		386		0		4		4
393		3461		289		104		0		104
400		111		55		18		327		345
400		747		354		0		46		46
400		768		362		0		38		38
400		813		378		0		22		22
400		811		378		0		22		22
400		805		376		0		24		24
400		825		386		0		14		14
400		797		373		0		27		27
400		849		400		0		0		0
401		2141		73		4		324		328
402		853		400		0		2		2
404		3472		297		107		0		107
404		850		400		0		4		4
410		840		396		0		14		14
410		828		392		0		18		18
410		829		392		0		18		18
410		882		410		0		0		0
410		875		408		0		2		2
411		3337		220		79		112		191
413		221		105		44		264		308
415		821		386		0		29		29
415		861		401		0		14		14
415		854		400		0		15		15
415		898		415		0		0		0
415		852		400		0		15		15
416		3048		73		12		331		343
417		890		412		0		5		5
417		902		415		0		2		2
417		884		412		0		5		5
418		3116		107		24		287		311
418		3491		304		114		0		114
418		877		410		0		8		8
422		3347		224		81		117		198
426		3091		88		20		318		338
431		916		420		0		11		11
432		3517		310		122		0		122
434		3009		56		2		376		378
435		3060		78		14		343		357
440		121		58		22		360		382
440		40		21		4		415		419
440		942		440		0		0		0
445		3367		239		81		125		206
446		53		29		4		413		417
446		802		376		0		70		70
446		881		410		0		36		36
446		864		403		0		43		43
446		838		396		0		50		50
446		893		414		0		32		32
446		912		420		0		26		26
446		907		419		0		27		27
446		914		420		0		26		26
446		891		414		0		32		32
446		905		419		0		27		27
446		929		427		0		19		19
446		888		412		0		34		34
446		930		427		0		19		19
446		938		430		0		16		16
446		935		430		1		15		16
446		937		430		0		16		16
446		949		446		0		0		0
446		2098		63		1		382		383
446		3185		142		41		263		304
447		948		446		1		0		1
447		943		440		0		7		7
449		966		449		0		0		0
452		969		452		0		0		0
452		3535		326		126		0		126
459		944		440		0		19		19
459		998		459		0		0		0
460		3094		95		19		346		365
461		3257		187		60		214		274
462		2998		404		0		58		58
464		2993		398		2		64		66
467		2273		112		26		329		355
468		3566		332		136		0		136
470		957		448		0		22		22
471		3264		188		62		221		283
471		999		459		3		9		12
472		3066		79		16		377		393
472		981		453		0		19		19
472		974		452		0		20		20
473		3039		69		10		394		404
473		3393		252		83		138		221
474		993		458		0		16		16
481		185		94		26		361		387
482		3203		151		46		285		331
488		3413		261		89		138		227
490		191		97		29		364		393
491		3418		264		91		136		227
494		3575		359		135		0		135
496		3137		121		34		341		375
496		3019		59		5		432		437
497		3208		157		46		294		340
499		3143		122		35		342		377
501		254		131		45		325		370
501		3293		205		64		232		296
509		3607		374		135		0		135
509		3608		374		135		0		135
511		3300		207		67		237		304
512		3217		159		49		304		353
518		2055		35		10		473		483
520		3310		213		71		236		307
520		3313		213		73		234		307
521		3230		162		51		308		359
524		3455		288		103		133		236
524		3010		56		3		465		468
528		3157		125		38		365		403
536		3650		402		134		0		134
538		3470		297		106		135		241
539		3652		405		134		0		134
541		2080		56		10		475		485
543		3483		298		110		135		245
551		3674		415		136		0		136
553		3685		416		137		0		137
555		3085		88		18		449		467
556		3687		421		135		0		135
560		3697		423		137		0		137
562		3088		88		19		455		474
563		3170		134		38		391		429
567		3511		309		121		137		258
568		3714		431		137		0		137
571		3516		310		122		139		261
571		116		56		19		496		515
571		3032		67		8		496		504
572		3005		52		1		519		520
574		3519		313		123		138		261
577		3240		182		54		341		395
578		2020		17		4		557		561
578		3729		441		137		0		137
583		3737		444		139		0		139
583		3738		444		139		0		139
589		2250		108		26		455		481
589		3246		184		56		349		405
592		3754		449		143		0		143
594		3533		326		125		143		268
596		3763		452		144		0		144
597		3538		326		126		145		271
597		3764		453		144		0		144
598		3767		453		145		0		145
598		3539		326		127		145		272
599		3542		327		127		145		272
601		3774		457		144		0		144
601		3775		457		144		0		144
602		3777		457		145		0		145
609		3565		332		136		141		277
612		3789		470		142		0		142
617		3799		474		143		0		143
617		3800		474		143		0		143
618		3804		474		144		0		144
619		3394		252		83		284		367
620		3193		148		43		429		472
631		3409		261		88		282		370
639		173		89		27		523		550
639		2339		142		44		453		497
640		94		51		13		576		589
640		2343		142		46		452		498
641		3582		364		133		144		277
641		2056		35		10		596		606
644		3827		500		144		0		144
645		3589		368		132		145		277
648		3431		271		99		278		377
649		3433		271		100		278		378
656		3855		507		149		0		149
662		3875		509		153		0		153
665		2079		56		10		599		609
666		3216		159		48		459		507
669		3876		516		153		0		153
670		2014		16		2		652		654
678		3617		391		131		156		287
684		3624		393		133		158		291
686		3317		214		75		397		472
688		273		136		50		502		552
689		3909		529		160		0		160
690		3324		215		77		398		475
690		3633		398		132		160		292
692		3464		293		105		294		399
693		3638		399		133		161		294
694		3919		533		161		0		161
696		3465		293		106		297		403
700		3933		536		164		0		164
703		3333		217		79		407		486
710		3956		542		168		0		168
711		3232		167		50		494		544
714		3965		544		170		0		170
716		3660		412		133		171		304
717		3662		412		133		172		305
719		3973		546		173		0		173
722		3980		548		174		0		174
722		3671		413		135		174		309
726		3989		551		175		0		175
727		3676		415		136		176		312
730		3681		416		137		177		314
731		3046		73		12		646		658
735		3693		421		136		178		314
737		3696		423		137		177		314
738		3498		306		117		315		432
741		3705		427		137		177		314
742		3173		134		38		570		608
744		3053		75		13		656		669
746		3513		310		121		315		436
747		3715		432		137		178		315
750		3061		78		14		658		672
751		3727		436		138		177		315
753		3062		78		14		661		675
753		3177		141		39		573		612
754		3181		141		40		573		613
756		395		207		79		470		549
763		3747		446		142		175		317
764		3186		142		41		581		622
767		3756		449		143		175		318
767		3125		113		29		625		654
771		3537		326		126		319		445
772		3770		453		145		174		319
773		3544		327		128		318		446
773		3382		245		82		446		528
776		419		218		87		471		558
779		3390		248		83		448		531
781		3778		469		141		171		312
786		3792		473		141		172		313
787		3038		69		10		708		718
788		2118		67		11		710		721
791		2013		16		2		773		775
792		2001		9		0		783		783
792		2030		24		6		762		768
794		440		221		93		480		573
794		3073		82		16		696		712
798		3569		345		138		315		453
798		3570		345		138		315		453
799		332		162		62		575		637
799		333		162		62		575		637
801		3102		99		20		682		702
801		463		225		96		480		576
801		3407		261		87		453		540
801		3408		261		87		453		540
802		3277		200		62		540		602
806		2233		102		25		679		704
806		3421		265		92		449		541
815		3831		500		145		170		315
818		3835		503		145		170		315
818		3836		503		145		170		315
821		3109		100		22		699		721
824		3849		506		148		170		318
827		3861		507		150		170		320
829		3865		508		151		170		321
831		3869		509		152		170		322
832		3871		509		152		171		323
836		3149		123		36		677		713
836		3150		123		36		677		713
836		739		352		156		328		484
837		3443		279		101		457		558
839		3878		516		153		170		323
839		3879		516		153		170		323
841		2062		43		10		788		798
845		2044		33		10		802		812
846		2047		33		10		803		813
847		3890		523		155		169		324
852		524		259		109		484		593
852		3901		525		157		170		327
853		3457		289		103		461		564
853		3460		289		103		461		564
856		3321		214		76		566		642
860		367		188		73		599		672
862		3920		533		162		167		329
863		3921		533		162		168		330
863		3923		533		162		168		330
863		3924		533		162		168		330
865		3925		535		162		168		330
866		3931		535		164		167		331
871		543		268		115		488		603
871		3941		538		166		167		333
872		3473		297		107		468		575
876		3953		542		167		167		334
877		3959		542		168		167		335
879		2097		63		11		805		816
879		2004		9		1		869		870
880		3236		167		52		661		713
883		3967		546		171		166		337
884		3488		300		112		472		584
885		2459		192		55		638		693
885		3667		413		134		338		472
886		2160		75		18		793		811
887		3672		413		135		339		474
887		3490		300		113		474		587
888		3342		220		81		587		668
894		3679		415		137		342		479
894		3167		126		41		727		768
900		3119		107		24		769		793
904		3169		134		37		733		770
905		2212		98		22		785		807
905		2213		98		22		785		807
906		3172		134		38		734		772
910		3719		432		138		340		478
911		2162		81		18		812		830
913		298		153		52		708		760
914		3520		313		123		478		601
916		3351		237		78		601		679
917		3732		441		138		338		476
917		2230		101		25		791		816
924		306		155		56		713		769
930		3092		95		18		817		835
931		3766		453		144		334		478
932		641		305		139		488		627
932		2174		84		20		828		848
933		2132		69		15		849		864
933		645		305		140		488		628
933		2133		69		15		849		864
935		319		159		59		717		776
935		3552		328		131		476		607
935		3553		328		131		476		607
941		3097		95		20		826		846
941		3098		95		20		826		846
943		3790		470		143		330		473
945		2412		173		54		718		772
947		3802		474		143		330		473
947		3803		474		143		330		473
953		444		222		94		637		731
955		2254		109		27		819		846
966		3576		359		135		472		607
968		3138		121		34		813		847
970		3583		364		133		473		606
971		3108		100		21		850		871
972		2095		63		10		899		909
973		3590		368		132		473		605
976		3837		503		146		327		473
976		3839		503		146		327		473
981		3853		506		149		326		475
983		735		347		156		480		636
983		3860		507		150		326		476
985		3868		508		151		326		477
987		3874		509		153		325		478
991		3304		210		68		713		781
992		3880		516		154		322		476
992		3881		516		154		322		476
992		762		357		158		477		635
993		2270		112		29		852		881
994		358		183		72		739		811
994		3154		123		37		834		871
995		3079		83		17		895		912
996		3311		213		72		711		783
999		3451		288		102		609		711
1007		3907		529		159		319		478
1007		3158		125		38		844		882
1007		3159		125		39		843		882
1008		3632		398		132		478		610
1009		3637		398		133		478		611
1010		3913		532		160		318		478
1011		2102		65		10		936		946
1012		2073		55		10		947		957
1012		2074		55		10		947		957
1016		3936		536		165		315		480
1016		382		194		73		749		822
1016		3938		536		165		315		480
1016		3647		402		134		480		614
1020		3653		405		134		481		615
1022		548		270		118		634		752
1022		2119		67		11		944		955
1025		3479		298		109		618		727
1026		2007		9		1		1016		1017
1028		2218		99		23		906		929
1028		2219		99		23		906		929
1032		3976		548		173		311		484
1042		3492		304		115		623		738
1043		2391		161		53		829		882
1045		3348		224		81		740		821
1048		2298		129		32		887		919
1049		3703		427		137		485		622
1056		3035		67		9		980		989
1056		3008		56		2		998		1000
1061		397		207		80		774		854
1061		3355		237		79		745		824
1063		3244		182		55		826		881
1067		3531		319		125		623		748
1068		3123		113		28		927		955
1069		311		157		56		856		912
1070		2186		87		21		962		983
1071		3187		142		41		888		929
1073		3250		184		57		832		889
1084		3559		331		134		619		753
1084		3560		331		134		619		753
1084		978		453		170		461		631
1087		3782		469		141		477		618
1089		2674		299		79		711		790
1090		3070		79		16		995		1011
1091		455		223		96		772		868
1091		3795		473		142		476		618
1091		3796		473		142		476		618
1093		460		225		96		772		868
1093		3398		252		84		757		841
1093		3042		69		11		1013		1024
1094		3268		192		61		841		902
1094		3807		478		144		472		616
1096		3270		192		62		842		904
1100		684		327		155		618		773
1102		691		330		155		617		772
1106		3077		82		17		1007		1024
1109		3424		265		93		751		844
1113		256		131		45		937		982
1116		3829		500		144		472		616
1119		744		354		157		608		765
1122		3843		505		147		470		617
1124		758		357		158		609		767
1124		3850		506		148		470		618
1127		765		362		156		609		765
1127		3602		373		134		620		754
1127		3438		273		100		754		854
1128		2465		193		56		879		935
1129		3867		508		151		470		621
1130		2745		317		87		726		813
1131		3870		509		152		470		622
1133		3616		375		136		622		758
1135		779		371		155		609		764
1140		2112		66		11		1063		1074
1142		804		376		157		609		766
1143		3618		391		132		620		752
1147		3625		393		133		621		754
1148		816		383		158		607		765
1149		3905		529		159		461		620
1152		830		392		157		603		760
1153		3917		532		161		460		621
1153		834		392		159		602		761
1154		2373		158		51		945		996
1156		3328		215		78		863		941
1159		3649		402		134		623		757
1159		572		274		126		759		885
1160		857		401		159		600		759
1162		2237		102		25		1035		1060
1165		579		275		129		761		890
1165		3955		542		167		456		623
1174		3670		413		135		626		761
1174		2177		85		20		1069		1089
1176		2018		17		3		1156		1159
1176		2086		61		10		1105		1115
1179		3677		415		136		628		764
1180		2307		134		37		1009		1046
1181		3682		416		137		628		765
1182		614		284		135		763		898
1182		2513		226		59		897		956
1183		3002		52		0		1131		1131
1184		3052		75		12		1097		1109
1184		2407		173		53		958		1011
1185		3496		304		116		765		881
1186		620		287		136		763		899
1188		2637		288		74		826		900
1188		3700		423		137		628		765
1189		3499		306		117		766		883
1190		3503		306		118		766		884
1190		3090		88		19		1083		1102
1190		3701		427		136		627		763
1192		3171		134		38		1020		1058
1193		3507		309		120		764		884
1194		404		212		82		900		982
1196		2063		43		10		1143		1153
1196		3720		432		138		626		764
1206		3740		444		140		622		762
1207		3532		319		125		763		888
1208		3745		446		141		621		762
1208		2668		298		78		832		910
1214		3758		452		143		619		762
1216		2447		182		56		978		1034
1219		334		162		62		995		1057
1221		2553		239		64		918		982
1223		464		229		96		898		994
1224		3779		469		141		614		755
1226		3263		188		61		977		1038
1227		3793		473		141		613		754
1228		3396		252		83		893		976
1230		3271		192		62		976		1038
1231		3196		148		44		1039		1083
1231		3027		64		6		1161		1167
1231		3072		82		16		1133		1149
1234		3818		482		145		607		752
1235		3402		259		85		891		976
1235		3568		345		138		752		890
1237		3128		119		32		1086		1118
1239		3412		261		89		889		978
1240		3419		264		91		885		976
1244		3135		121		34		1089		1123
1251		2750		319		89		843		932
1252		3432		271		99		882		981
1254		2574		252		68		934		1002
1254		2076		55		10		1189		1199
1256		3851		506		148		602		750
1258		3857		507		149		602		751
1259		3601		373		134		752		886
1260		3866		508		151		601		752
1260		2287		119		32		1109		1141
1260		2078		56		10		1194		1204
1264		3214		159		48		1057		1105
1267		3447		279		103		885		988
1269		3153		123		37		1109		1146
1271		3229		162		50		1059		1109
1274		3452		288		102		884		986
1274		2293		125		32		1117		1149
1275		3896		523		156		596		752
1275		2227		101		24		1150		1174
1279		3629		393		134		752		886
1283		3463		293		105		885		990
1285		3643		399		134		752		886
1289		3935		536		165		588		753
1289		2402		165		53		1071		1124
1293		2015		17		2		1274		1276
1296		3480		298		109		889		998
1297		3481		298		109		890		999
1297		3234		167		51		1079		1130
1298		616		284		136		878		1014
1299		3966		544		170		585		755
1301		3972		546		172		583		755
1302		2627		286		73		943		1016
1304		628		289		138		877		1015
1304		3978		548		174		582		756
1305		3983		550		174		581		755
1306		3986		550		175		581		756
1310		636		299		140		871		1011
1312		3031		67		7		1238		1245
1314		952		446		166		702		868
1315		3345		224		80		1011		1091
1315		318		159		59		1097		1156
1318		646		310		138		870		1008
1319		3508		309		120		890		1010
1320		3712		431		137		752		889
1325		3524		313		124		888		1012
1328		451		223		95		1010		1105
1329		2092		63		10		1256		1266
1334		2686		301		81		952		1033
1336		3188		142		42		1152		1194
1339		3064		79		15		1245		1260
1344		3385		245		83		1016		1099
1346		3391		248		83		1015		1098
1350		3788		470		142		738		880
1351		3794		473		142		736		878
1352		3040		69		11		1272		1283
1354		2272		112		29		1213		1242
1357		2349		143		47		1167		1214
1361		3131		119		32		1210		1242
1362		360		187		71		1104		1175
1362		3101		99		20		1243		1263
1363		2460		192		55		1116		1171
1368		3136		121		34		1213		1247
1368		2561		251		66		1051		1117
1369		2357		146		49		1174		1223
1370		2751		319		90		961		1051
1374		3594		368		133		873		1006
1380		3852		506		148		726		874
1382		3439		273		100		1009		1109
1386		2587		261		70		1055		1125
1386		3615		375		136		875		1011
1386		3151		123		36		1227		1263
1386		2365		154		50		1182		1232
1387		573		274		126		987		1113
1389		3308		210		69		1110		1179
1396		3622		391		132		873		1005
1396		2496		212		58		1126		1184
1397		3453		288		103		1006		1109
1397		3454		288		103		1006		1109
1397		591		278		131		988		1119
1397		3897		525		157		715		872
1398		3902		525		157		716		873
1400		886		412		161		827		988
1402		3634		398		132		872		1004
1402		3635		398		132		872		1004
1403		3914		532		160		711		871
1405		3922		533		162		710		872
1406		3466		293		106		1007		1113
1407		2295		129		32		1246		1278
1413		3946		540		166		707		873
1415		3336		217		80		1118		1198
1415		3165		126		40		1249		1289
1416		2180		85		20		1311		1331
1416		2856		355		100		961		1061
1417		3482		298		110		1009		1119
1419		3484		300		111		1008		1119
1423		3338		220		80		1123		1203
1424		3339		220		80		1124		1204
1424		3340		220		80		1124		1204
1427		3675		415		136		876		1012
1427		3678		415		136		876		1012
1429		3166		126		41		1262		1303
1429		3045		73		11		1345		1356
1434		3501		306		118		1010		1128
1435		2188		87		21		1327		1348
1438		3514		310		121		1007		1128
1440		3056		75		13		1352		1365
1440		3058		78		13		1349		1362
1441		2146		73		15		1353		1368
1441		3725		436		137		868		1005
1442		3522		313		124		1005		1129
1442		3179		141		39		1262		1301
1443		3242		182		54		1207		1261
1450		3743		446		141		863		1004
1452		3184		142		41		1269		1310
1455		3375		244		80		1131		1211
1456		3757		452		143		861		1004
1458		2939		382		113		963		1076
1458		3543		327		127		1004		1131
1460		3550		328		130		1002		1132
1462		3388		248		82		1132		1214
1468		3265		188		62		1218		1280
1468		3797		473		142		853		995
1469		3805		474		144		851		995
1469		3395		252		83		1134		1217
1472		3272		192		62		1218		1280
1472		3026		64		5		1403		1408
1473		3201		151		45		1277		1322
1474		3815		482		144		848		992
1474		3819		482		145		847		992
1475		3401		259		84		1132		1216
1475		3403		259		85		1131		1216
1476		3406		259		86		1131		1217
1477		3100		99		20		1358		1378
1478		3279		200		62		1216		1278
1479		3076		82		17		1380		1397
1479		3282		201		62		1216		1278
1480		3415		264		90		1126		1216
1480		3417		264		91		1125		1216
1481		3284		201		63		1217		1280
1484		3824		497		144		843		987
1486		3288		205		63		1218		1281
1490		3834		503		145		842		987
1491		2747		317		87		1087		1174
1491		3434		271		100		1120		1220
1492		3841		505		146		841		987
1492		3842		505		147		840		987
1495		2573		252		68		1175		1243
1497		3606		374		134		989		1123
1498		3299		207		67		1224		1291
1498		2579		255		68		1175		1243
1503		2214		98		23		1382		1405
1503		2785		331		93		1079		1172
1504		3078		83		17		1404		1421
1504		3225		162		50		1292		1342
1506		2792		335		92		1079		1171
1506		3315		213		73		1220		1293
1506		3231		162		51		1293		1344
1506		3081		83		18		1405		1423
1506		2220		99		23		1384		1407
1507		2801		336		93		1078		1171
1508		3889		522		155		831		986
1510		3903		525		158		827		985
1511		3458		289		103		1119		1222
1513		3462		289		104		1120		1224
1513		3319		214		75		1224		1299
1515		312		157		56		1302		1358
1515		3326		215		77		1223		1300
1515		2600		270		72		1173		1245
1516		2381		159		52		1305		1357
1521		3012		56		4		1461		1465
1525		3657		405		135		985		1120
1527		2300		129		34		1364		1398
1528		2399		164		53		1311		1364
1529		2841		351		99		1079		1178
1530		3970		546		172		812		984
1533		3981		550		174		809		983
1533		2017		17		2		1514		1516
1537		3997		552		176		809		985
1542		3695		423		136		983		1119
1543		3089		88		19		1436		1455
1546		3710		431		137		978		1115
1546		3713		431		137		978		1115
1547		3718		432		138		977		1115
1548		3057		78		13		1457		1470
1549		3728		436		138		975		1113
1551		3353		237		79		1235		1314
1551		3731		441		138		972		1110
1552		3733		441		138		973		1111
1555		3742		444		141		970		1111
1556		3366		239		81		1236		1317
1557		3749		446		142		969		1111
1560		3755		449		143		968		1111
1560		2147		73		15		1472		1487
1569		795		373		158		1038		1196
1569		3564		332		136		1101		1237
1571		2675		299		80		1192		1272
1573		3067		79		16		1478		1494
1574		3195		148		43		1383		1426
1574		3267		192		61		1321		1382
1576		3074		82		16		1478		1494
1576		3099		99		19		1458		1477
1578		3574		345		139		1094		1233
1579		3130		119		32		1428		1460
1579		3103		99		20		1460		1480
1581		847		399		158		1024		1182
1581		2323		140		42		1399		1441
1582		851		400		158		1024		1182
1584		3822		497		143		944		1087
1586		3587		364		134		1088		1222
1591		3212		159		47		1385		1432
1592		3435		273		99		1220		1319
1597		2989		398		121		1078		1199
1597		3873		509		153		935		1088
1599		3301		207		67		1325		1392
1600		3302		210		67		1323		1390
1602		3307		210		69		1323		1392
1602		3220		160		50		1392		1442
1603		2464		193		55		1355		1410
1606		3891		523		155		928		1083
1607		3894		523		156		928		1084
1609		3627		393		133		1083		1216
1609		2760		321		92		1196		1288
1610		2476		198		55		1357		1412
1611		3160		125		39		1447		1486
1614		3639		399		133		1082		1215
1615		2481		199		57		1359		1416
1615		3469		293		107		1215		1322
1616		968		452		169		995		1164
1618		3162		126		40		1452		1492
1618		3163		126		40		1452		1492
1619		3942		538		166		915		1081
1619		438		221		92		1306		1398
1619		3943		538		166		915		1081
1621		3948		540		166		915		1081
1624		3958		542		168		914		1082
1624		3233		167		51		1406		1457
1624		2371		154		51		1419		1470
1629		3977		548		173		908		1081
1632		3988		551		175		906		1081
1632		3994		551		176		905		1081
1632		2380		159		52		1421		1473
1634		3686		416		137		1081		1218
1635		260		131		47		1457		1504
1635		3494		304		115		1216		1331
1636		2388		161		53		1422		1475
1636		3688		421		136		1079		1215
1637		3344		224		80		1333		1413
1638		3699		423		137		1078		1215
1641		3510		309		121		1211		1332
1641		3054		75		13		1553		1566
1642		3716		432		137		1073		1210
1643		3723		436		137		1070		1207
1644		3521		313		123		1208		1331
1647		3359		238		80		1329		1409
1647		2852		354		99		1194		1293
1648		2857		355		100		1193		1293
1650		3122		113		28		1509		1537
1650		3124		113		28		1509		1537
1653		3126		113		29		1511		1540
1654		3374		244		80		1330		1410
1657		3545		327		128		1202		1330
1659		2633		288		73		1298		1371
1660		3095		95		19		1546		1565
1662		2315		135		39		1488		1527
1665		3787		470		142		1053		1195
1667		2427		176		55		1436		1491
1667		3808		478		144		1045		1189
1669		3812		478		144		1047		1191
1669		3199		151		44		1474		1518
1671		3405		259		86		1326		1412
1672		3411		261		88		1323		1411
1672		3414		264		90		1318		1408
1673		2912		373		111		1189		1300
1673		2913		373		111		1189		1300
1674		3426		265		93		1316		1409
1675		3580		359		136		1180		1316
1677		2918		375		111		1191		1302
1678		3585		364		134		1180		1314
1678		3107		100		21		1557		1578
1679		2672		298		79		1302		1381
1682		3148		123		35		1524		1559
1683		3213		159		47		1477		1524
1685		3854		506		149		1030		1179
1685		2448		182		56		1447		1503
1687		2690		302		82		1303		1385
1688		3440		273		100		1315		1415
1689		2946		385		114		1190		1304
1691		3219		160		49		1482		1531
1692		2700		303		82		1307		1389
1693		3221		160		50		1483		1533
1693		2706		304		84		1305		1389
1697		2266		111		29		1557		1586
1700		690		330		155		1215		1370
1700		3318		214		75		1411		1486
1704		3641		399		133		1172		1305
1707		3646		402		133		1172		1305
1708		3937		536		165		1007		1172
1708		3651		402		134		1172		1306
1712		3475		297		108		1307		1415
1713		3957		542		168		1003		1171
1716		3663		412		133		1171		1304
1717		3487		300		112		1305		1417
1718		3979		548		174		996		1170
1719		2161		75		18		1626		1644
1719		3982		550		174		995		1169
1721		3998		552		177		992		1169
1725		3118		107		24		1594		1618
1726		833		392		159		1175		1334
1729		2041		28		9		1692		1701
1731		2773		328		93		1310		1403
1732		3182		141		40		1551		1591
1732		3241		182		54		1496		1550
1733		3352		237		79		1417		1496
1733		3735		441		139		1153		1292
1733		2216		98		23		1612		1635
1735		3529		319		124		1292		1416
1735		3736		444		139		1152		1291
1736		3369		239		81		1416		1497
1737		2023		19		4		1714		1718
1737		3248		184		57		1496		1553
1739		2803		336		93		1310		1403
1746		3557		331		133		1282		1415
1746		3096		95		19		1632		1651
1746		2493		212		58		1476		1534
1747		3563		332		136		1279		1415
1749		3261		188		61		1500		1561
1751		2234		102		25		1624		1649
1754		2605		274		72		1408		1480
1755		3278		200		62		1493		1555
1755		655		311		141		1303		1444
1756		3285		201		63		1492		1555
1756		3422		265		92		1399		1491
1756		2510		215		60		1481		1541
1758		3205		157		45		1556		1601
1760		3584		364		133		1263		1396
1761		3830		500		144		1117		1261
1763		2615		279		73		1411		1484
1763		3428		271		98		1394		1492
1763		2616		279		73		1411		1484
1764		3211		159		47		1558		1605
1765		3295		207		65		1493		1558
1765		2016		17		2		1746		1748
1767		3599		373		133		1261		1394
1767		3858		507		150		1110		1260
1767		3859		507		150		1110		1260
1768		3864		508		151		1109		1260
1769		3605		374		134		1261		1395
1771		3613		375		135		1261		1396
1771		2874		358		104		1309		1413
1772		3218		160		49		1563		1612
1772		3445		279		102		1391		1493
1773		3882		516		154		1103		1257
1773		3448		279		103		1391		1494
1773		3305		210		69		1494		1563
1774		3112		100		23		1651		1674
1781		3906		529		159		1093		1252
1783		3640		399		133		1251		1384
1785		3927		535		163		1087		1250
1787		3939		538		165		1084		1249
1790		3655		405		135		1250		1385
1792		2663		296		77		1419		1496
1792		3960		544		169		1079		1248
1792		3963		544		170		1078		1248
1795		3489		300		112		1383		1495
1795		3668		413		134		1248		1382
1796		3669		413		134		1249		1383
1798		3991		551		175		1072		1247
1799		3999		552		177		1070		1247
1799		3683		416		137		1246		1383
1803		3500		306		117		1380		1497
1803		3504		306		119		1378		1497
1804		2260		111		28		1665		1693
1805		3509		309		120		1376		1496
1807		3518		310		123		1374		1497
1807		3033		67		8		1732		1740
1811		3739		444		140		1227		1367
1812		3247		184		56		1572		1628
1813		3252		184		58		1571		1629
1816		3093		95		19		1702		1721
1817		3771		457		144		1216		1360
1820		3389		248		82		1490		1572
1820		3555		331		133		1356		1489
1820		3556		331		133		1356		1489
1822		3784		469		142		1211		1353
1824		2992		398		121		1305		1426
1827		2456		192		54		1581		1635
1828		3571		345		139		1344		1483
1831		3578		359		135		1337		1472
1832		3106		100		21		1711		1732
1832		3823		497		144		1191		1335
1832		3825		497		144		1191		1335
1834		3142		122		35		1677		1712
1835		3290		205		64		1566		1630
1836		3592		368		132		1336		1468
1837		3145		122		36		1679		1715
1837		3146		122		36		1679		1715
1837		3429		271		98		1468		1566
1839		3296		207		65		1567		1632
1839		2764		323		92		1424		1516
1840		3598		373		133		1334		1467
1842		3863		508		150		1184		1334
1846		3227		162		50		1634		1684
1846		3309		213		71		1562		1633
1846		3312		213		72		1561		1633
1847		2588		261		71		1515		1586
1847		3450		288		102		1457		1559
1850		3620		391		132		1327		1459
1853		3322		214		76		1563		1639
1854		2374		158		52		1644		1696
1855		2379		159		52		1644		1696
1858		3944		538		166		1154		1320
1860		2823		344		97		1419		1516
1860		2235		102		25		1733		1758
1866		3987		550		175		1141		1316
1869		2172		84		19		1766		1785
1869		3047		73		12		1784		1796
1869		3049		73		12		1784		1796
1869		3493		304		115		1450		1565
1871		3691		421		136		1314		1450
1871		3692		421		136		1314		1450
1875		3724		436		137		1302		1439
1875		3726		436		137		1302		1439
1876		2863		356		101		1419		1520
1877		3357		237		80		1560		1640
1877		3245		182		55		1640		1695
1878		3361		238		80		1560		1640
1878		3527		319		124		1435		1559
1878		3528		319		124		1435		1559
1879		3748		446		142		1291		1433
1880		3183		142		40		1698		1738
1880		3251		184		57		1639		1696
1881		3372		244		80		1557		1637
1882		3534		326		125		1431		1556
1885		3384		245		82		1558		1640
1886		3548		328		130		1428		1558
1886		3549		328		130		1428		1558
1890		3798		473		143		1274		1417
1892		3809		478		144		1270		1414
1895		3416		264		90		1541		1631
1895		2648		292		77		1526		1603
1898		3826		497		144		1257		1401
1899		3591		368		132		1399		1531
1900		3430		271		99		1530		1629
1900		2905		372		110		1418		1528
1901		3846		505		148		1248		1396
1901		3436		273		99		1529		1628
1902		3848		506		148		1248		1396
1902		3597		373		133		1396		1529
1903		664		322		149		1432		1581
1906		3303		210		68		1628		1696
1907		3444		279		102		1526		1628
1907		3306		210		69		1628		1697
1908		3226		162		50		1696		1746
1908		3449		288		102		1518		1620
1909		3888		522		154		1233		1387
1910		3619		391		132		1387		1519
1911		3900		525		157		1229		1386
1912		3626		393		133		1386		1519
1914		3916		532		161		1221		1382
1917		3932		536		164		1217		1381
1920		3952		540		167		1213		1380
1921		3478		298		109		1514		1623
1921		3235		167		51		1703		1754
1921		3961		544		169		1208		1377
1922		3962		544		170		1208		1378
1922		3486		300		111		1511		1622
1923		2960		390		115		1418		1533
1924		3975		548		173		1203		1376
1927		4000		552		177		1198		1375
1927		3497		304		116		1507		1623
1927		3117		107		24		1796		1820
1927		2972		391		117		1419		1536
1928		3349		224		81		1623		1704
1929		3502		306		118		1505		1623
1929		3702		427		137		1365		1502
1930		418		218		86		1626		1712
1930		3506		309		119		1502		1621
1931		3512		310		121		1500		1621
1933		3243		182		55		1696		1751
1934		3368		239		81		1614		1695
1939		3540		327		126		1486		1612
1939		3541		327		127		1485		1612
1941		3386		248		82		1611		1693
1942		3554		331		132		1479		1611
1942		3392		248		83		1611		1694
1948		3573		345		139		1464		1603
1950		3283		201		63		1686		1749
1950		860		401		160		1389		1549
1950		863		403		160		1387		1547
1950		3577		359		135		1456		1591
1951		3207		157		46		1748		1794
1951		2210		94		21		1836		1857
1952		3141		122		35		1795		1830
1957		3611		375		135		1447		1582
1957		3612		375		135		1447		1582
1962		3456		289		103		1570		1673
1962		3630		393		134		1435		1569
1962		2584		261		70		1631		1701
1963		3908		529		159		1275		1434
1966		3929		535		163		1268		1431
1966		3930		535		163		1268		1431
1967		3329		215		78		1674		1752
1967		3648		402		134		1431		1565
1967		3334		217		79		1671		1750
1968		2812		337		95		1536		1631
1968		3335		217		79		1672		1751
1968		3474		297		107		1564		1671
1969		2288		125		32		1812		1844
1970		3954		542		167		1261		1428
1970		3237		167		52		1751		1803
1971		3969		546		172		1253		1425
1972		2226		101		24		1847		1871
1972		2814		342		95		1535		1630
1973		3238		167		53		1753		1806
1975		3684		416		137		1422		1559
1976		3690		421		136		1419		1555
1977		889		412		161		1404		1565
1977		3707		427		138		1412		1550
1977		3174		134		39		1804		1843
1977		3505		309		119		1549		1668
1978		2387		161		52		1765		1817
1979		3523		313		124		1542		1666
1979		3525		313		124		1542		1666
1981		3526		319		124		1538		1662
1984		3760		452		143		1389		1532
1986		3383		245		82		1659		1741
1988		3254		187		58		1743		1801
1991		2173		84		20		1887		1907
1991		3194		148		43		1800		1843
1992		3811		478		144		1370		1514
1995		3280		200		62		1733		1795
1995		2308		134		38		1823		1861
1996		3134		121		34		1841		1875
1997		3832		500		145		1352		1497
2000		2521		227		60		1713		1773
2000		2523		227		60		1713		1773
2000		3856		507		149		1344		1493
2002		3297		207		66		1729		1795
2003		3152		123		36		1844		1880
2003		3224		160		50		1793		1843
2005		3892		523		155		1327		1482
2005		3623		391		133		1481		1614
2006		3155		125		37		1844		1881
2006		3459		289		103		1614		1717
2008		3912		532		160		1316		1476
2010		3161		125		39		1846		1885
2013		3964		544		170		1299		1469
2016		3341		220		80		1716		1796
2016		2650		292		77		1647		1724
2018		2658		295		76		1647		1723
2020		3350		224		81		1715		1796
2021		3709		431		136		1454		1590
2022		3721		432		138		1452		1590
2023		3354		237		79		1707		1786
2023		3730		441		138		1444		1582
2023		3734		441		139		1443		1582
2023		3356		237		79		1707		1786
2026		3761		452		144		1430		1574
2027		3762		452		144		1431		1575
2028		3772		457		144		1427		1571
2028		3773		457		144		1427		1571
2028		3547		328		129		1571		1700
2030		3780		469		141		1420		1561
2030		2435		181		54		1795		1849
2030		2540		236		63		1731		1794
2031		3786		470		142		1419		1561
2031		3791		470		143		1418		1561
2032		3399		252		84		1696		1780
2033		3806		478		143		1412		1555
2033		3200		151		45		1837		1882
2033		3202		151		45		1837		1882
2034		3814		482		144		1408		1552
2034		3400		259		84		1691		1775
2035		3132		119		33		1883		1916
2037		3581		359		136		1542		1678
2037		3588		364		134		1539		1673
2040		3603		374		134		1532		1666
2044		3898		525		157		1362		1519
2044		3628		393		134		1517		1651
2045		3910		529		160		1356		1516
2045		3325		215		77		1753		1830
2045		3636		398		133		1514		1647
2046		3915		532		161		1353		1514
2046		3918		533		161		1352		1513
2048		3940		538		165		1345		1510
2048		956		448		167		1433		1600
2048		3654		405		134		1509		1643
2051		3968		546		171		1334		1505
2053		3343		220		81		1752		1833
2054		3993		551		176		1327		1503
2056		3708		431		136		1489		1625
2057		3178		141		39		1877		1916
2057		3180		141		40		1876		1916
2057		3358		238		80		1739		1819
2058		3744		446		141		1471		1612
2059		3373		244		80		1735		1815
2061		3768		453		145		1463		1608
2062		3256		187		59		1816		1875
2063		3387		248		82		1733		1815
2065		3273		192		62		1811		1873
2066		3817		482		144		1440		1584
2066		3404		259		85		1722		1807
2066		3572		345		139		1582		1721
2067		3287		201		63		1803		1866
2071		3437		273		100		1698		1798
2071		3862		508		150		1413		1563
2071		2734		313		87		1671		1758
2072		3610		375		135		1562		1697
2072		3215		159		48		1865		1913
2074		3893		523		155		1396		1551
2074		3621		391		132		1551		1683
2075		3899		525		157		1393		1550
2075		3320		214		75		1786		1861
2075		3631		398		131		1546		1677
2076		3468		293		107		1676		1783
2076		3327		215		78		1783		1861
2076		3926		535		163		1378		1541
2077		3945		538		166		1373		1539
2077		3471		297		106		1674		1780
2077		3947		540		166		1371		1537
2078		374		189		73		1816		1889
2078		707		338		155		1585		1740
2078		858		401		159		1518		1677
2078		656		311		141		1626		1767
2078		975		453		170		1455		1625
2078		848		399		158		1521		1679
2078		445		222		94		1762		1856
2078		495		250		100		1728		1828
2078		506		256		103		1719		1822
2078		230		110		46		1922		1968
2078		604		282		132		1664		1796
2078		577		275		128		1675		1803
2078		625		289		138		1651		1789
2078		244		125		45		1908		1953
2078		294		147		53		1878		1931
2078		1000		459		170		1449		1619
2078		343		173		66		1839		1905
2078		522		259		109		1710		1819
2078		545		268		116		1694		1810
2078		776		364		156		1558		1714
2078		498		250		101		1727		1828
2078		611		284		134		1660		1794
2078		202		98		34		1946		1980
2078		557		271		120		1687		1807
2078		393		197		76		1805		1881
2078		693		330		156		1592		1748
2078		167		85		25		1968		1993
2078		870		408		160		1510		1670
2078		926		427		167		1484		1651
2078		147		74		26		1978		2004
2078		939		430		167		1481		1648
2078		499		255		102		1721		1823
2078		66		33		6		2039		2045
2078		228		110		46		1922		1968
2078		187		94		26		1958		1984
2078		679		326		155		1597		1752
2078		325		161		61		1856		1917
2078		75		40		6		2032		2038
2078		866		403		161		1514		1675
2078		291		147		52		1879		1931
2078		610		282		133		1663		1796
2078		386		194		74		1810		1884
2078		476		232		98		1748		1846
2078		412		215		86		1777		1863
2078		510		256		104		1718		1822
2078		251		129		45		1904		1949
2078		578		275		128		1675		1803
2078		703		338		154		1586		1740
2078		820		383		159		1536		1695
2078		731		347		155		1576		1731
2078		992		458		170		1450		1620
2078		281		144		50		1884		1934
2078		670		324		151		1603		1754
2078		223		105		44		1929		1973
2078		741		352		157		1569		1726
2078		892		414		161		1503		1664
2078		921		426		165		1487		1652
2078		826		386		158		1534		1692
2078		433		220		91		1767		1858
2078		947		446		165		1467		1632
2078		713		340		155		1583		1738
2078		447		222		95		1761		1856
2078		946		440		164		1474		1638
2078		818		383		159		1536		1695
2078		602		279		133		1666		1799
2078		771		362		157		1559		1716
2078		396		207		80		1791		1871
2078		163		85		24		1969		1993
2078		308		155		56		1867		1923
2078		361		187		71		1820		1891
2078		682		327		155		1596		1751
2078		899		415		162		1501		1663
2078		8		4		6		2068		2074
2078		700		333		155		1590		1745
2078		549		270		119		1689		1808
2078		434		220		91		1767		1858
2078		716		342		154		1582		1736
2078		436		221		92		1765		1857
2078		241		125		45		1908		1953
2078		977		453		170		1455		1625
2078		259		131		46		1901		1947
2078		763		357		159		1562		1721
2078		865		403		160		1515		1675
2078		222		105		44		1929		1973
2078		979		453		171		1454		1625
2078		486		241		99		1738		1837
2078		582		275		130		1673		1803
2078		600		279		133		1666		1799
2078		344		173		66		1839		1905
2078		350		177		69		1832		1901
2078		928		427		167		1484		1651
2078		46		26		4		2048		2052
2078		478		240		98		1740		1838
2078		626		289		138		1651		1789
2078		696		333		155		1590		1745
2078		159		80		25		1973		1998
2078		62		31		5		2042		2047
2078		778		364		157		1557		1714
2078		23		11		3		2064		2067
2078		365		187		72		1819		1891
2078		144		74		25		1979		2004
2078		182		90		28		1960		1988
2078		239		121		46		1911		1957
2078		726		346		155		1577		1732
2078		784		371		156		1551		1707
2078		415		218		86		1774		1860
2078		462		225		96		1757		1853
2078		64		31		5		2042		2047
2078		931		427		168		1483		1651
2078		971		452		169		1457		1626
2078		812		378		158		1542		1700
2078		227		110		45		1923		1968
2078		841		396		158		1524		1682
2078		387		197		74		1807		1881
2078		150		79		24		1975		1999
2078		413		215		86		1777		1863
2078		490		241		100		1737		1837
2078		316		157		57		1864		1921
2078		262		132		48		1898		1946
2078		390		197		75		1806		1881
2078		676		326		154		1598		1752
2078		724		346		154		1578		1732
2078		206		99		35		1944		1979
2078		532		261		111		1706		1817
2078		862		401		160		1517		1677
2078		678		326		154		1598		1752
2078		354		183		71		1824		1895
2078		662		322		148		1608		1756
2078		859		401		160		1517		1677
2078		695		333		155		1590		1745
2078		470		229		97		1752		1849
2078		366		188		72		1818		1890
2078		692		330		156		1592		1748
2078		709		340		154		1584		1738
2078		593		278		132		1668		1800
2078		924		426		166		1486		1652
2078		760		357		158		1563		1721
2078		918		420		166		1492		1658
2078		369		188		73		1817		1890
2078		500		255		102		1721		1823
2078		878		410		160		1508		1668
2078		292		147		52		1879		1931
2078		384		194		73		1811		1884
2078		738		352		156		1570		1726
2078		972		452		170		1456		1626
2078		149		79		24		1975		1999
2078		647		310		138		1630		1768
2078		194		97		31		1950		1981
2078		409		215		85		1778		1863
2078		290		147		52		1879		1931
2078		106		54		16		2008		2024
2078		809		378		157		1543		1700
2078		790		372		158		1548		1706
2078		210		99		36		1943		1979
2078		556		271		120		1687		1807
2078		346		177		68		1833		1901
2078		156		80		25		1973		1998
2078		95		51		13		2014		2027
2078		92		46		9		2023		2032
2078		909		419		164		1495		1659
2078		900		415		163		1500		1663
2078		721		342		155		1581		1736
2078		264		132		48		1898		1946
2078		590		278		131		1669		1800
2078		777		364		157		1557		1714
2078		622		287		137		1654		1791
2078		961		449		168		1461		1629
2078		453		223		95		1760		1855
2078		179		90		28		1960		1988
2078		152		79		24		1975		1999
2078		245		125		46		1907		1953
2078		672		324		152		1602		1754
2078		265		132		48		1898		1946
2078		465		229		96		1753		1849
2078		414		215		86		1777		1863
2078		589		276		131		1671		1802
2078		347		177		69		1832		1901
2078		570		274		125		1679		1804
2078		831		392		158		1528		1686
2078		991		458		170		1450		1620
2078		720		342		155		1581		1736
2078		558		271		120		1687		1807
2078		153		79		24		1975		1999
2078		547		268		116		1694		1810
2078		839		396		158		1524		1682
2078		895		414		162		1502		1664
2078		240		125		45		1908		1953
2078		823		386		158		1534		1692
2078		936		430		167		1481		1648
2078		719		342		155		1581		1736
2078		525		259		110		1709		1819
2078		41		21		4		2053		2057
2078		516		258		106		1714		1820
2078		846		399		158		1521		1679
2078		796		373		158		1547		1705
2078		745		354		157		1567		1724
2078		874		408		161		1509		1670
2078		894		414		161		1503		1664
2078		599		279		132		1667		1799
2078		207		99		36		1943		1979
2078		681		327		155		1596		1751
2078		424		219		89		1770		1859
2078		835		396		157		1525		1682
2078		567		272		122		1684		1806
2078		585		276		130		1672		1802
2078		405		212		82		1784		1866
2078		704		338		154		1586		1740
2078		932		427		168		1483		1651
2078		375		189		73		1816		1889
2078		216		101		39		1938		1977
2078		808		378		157		1543		1700
2078		31		18		2		2058		2060
2078		105		54		15		2009		2024
2078		373		189		73		1816		1889
2078		769		362		157		1559		1716
2078		751		356		157		1565		1722
2078		327		161		61		1856		1917
2078		569		274		124		1680		1804
2078		675		326		153		1599		1752
2078		416		218		86		1774		1860
2078		103		54		14		2010		2024
2078		615		284		135		1659		1794
2078		925		426		166		1486		1652
2078		637		299		140		1639		1779
2078		885		412		161		1505		1666
2078		605		282		133		1663		1796
2078		844		399		157		1522		1679
2078		427		219		89		1770		1859
2078		855		400		158		1520		1678
2078		856		401		159		1518		1677
2078		282		146		50		1882		1932
2078		468		229		96		1753		1849
2078		218		101		40		1937		1977
2078		389		197		75		1806		1881
2078		538		265		114		1699		1813
2078		574		274		127		1677		1804
2078		621		287		136		1655		1791
2078		261		132		117		1829		1946
2078		533		261		111		1706		1817
2078		287		146		51		1881		1932
2078		127		58		24		1996		2020
2078		659		311		142		1625		1767
2078		666		322		149		1607		1756
2078		710		340		155		1583		1738
2078		897		414		162		1502		1664
2078		689		330		155		1593		1748
2078		653		311		141		1626		1767
2078		989		458		169		1451		1620
2078		250		129		45		1904		1949
2078		649		310		138		1630		1768
2078		212		101		37		1940		1977
2078		494		250		100		1728		1828
2078		485		241		98		1739		1837
2078		299		153		52		1873		1925
2078		196		97		31		1950		1981
2078		780		371		155		1552		1707
2078		791		372		158		1548		1706
2078		923		426		166		1486		1652
2078		242		125		45		1908		1953
2078		341		173		66		1839		1905
2078		82		43		7		2028		2035
2078		950		446		166		1466		1632
2078		521		259		109		1710		1819
2078		624		287		138		1653		1791
2078		612		284		134		1660		1794
2078		657		311		142		1625		1767
2078		441		221		93		1764		1857
2078		303		155		55		1868		1923
2078		101		54		14		2010		2024
2078		815		383		158		1537		1695
2078		906		419		164		1495		1659
2078		785		371		156		1551		1707
2078		473		232		97		1749		1846
2078		304		155		55		1868		1923
2078		270		136		49		1893		1942
2078		355		183		71		1824		1895
2078		901		415		163		1500		1663
2078		934		430		167		1481		1648
2078		880		410		161		1507		1668
2078		208		99		36		1943		1979
2078		951		446		166		1466		1632
2078		634		299		139		1640		1779
2078		132		61		25		1992		2017
2078		553		270		120		1688		1808
2078		984		457		169		1452		1621
2078		883		410		161		1507		1668
2078		322		159		60		1859		1919
2078		446		222		95		1761		1856
2078		215		101		38		1939		1977
2078		391		197		75		1806		1881
2078		289		147		51		1880		1931
2078		200		98		33		1947		1980
2078		680		326		155		1597		1752
2078		743		352		157		1569		1726
2078		48		26		5		2047		2052
2078		267		132		49		1897		1946
2078		328		161		61		1856		1917
2078		903		415		163		1500		1663
2078		158		80		25		1973		1998
2078		192		97		30		1951		1981
2078		879		410		160		1508		1668
2078		96		51		13		2014		2027
2078		904		415		164		1499		1663
2078		315		157		57		1864		1921
2078		536		265		114		1699		1813
2078		752		356		157		1565		1722
2078		432		220		90		1768		1858
2078		701		333		155		1590		1745
2078		324		161		60		1857		1917
2078		443		222		94		1762		1856
2078		535		265		113		1700		1813
2078		108		55		17		2006		2023
2078		197		97		32		1949		1981
2078		81		43		7		2028		2035
2078		963		449		169		1460		1629
2078		940		440		164		1474		1638
2078		729		346		155		1577		1732
2078		954		448		166		1464		1630
2078		688		330		155		1593		1748
2078		300		153		53		1872		1925
2078		340		173		65		1840		1905
2078		571		274		126		1678		1804
2078		293		147		53		1878		1931
2078		631		289		139		1650		1789
2078		435		220		91		1767		1858
2078		755		356		158		1564		1722
2078		715		340		155		1583		1738
2078		145		74		26		1978		2004
2078		171		89		26		1963		1989
2078		587		276		130		1672		1802
2078		669		324		150		1604		1754
2078		514		258		105		1715		1820
2078		162		80		26		1972		1998
2078		489		241		100		1737		1837
2078		421		218		87		1773		1860
2078		178		90		27		1961		1988
2078		955		448		167		1463		1630
2078		401		212		81		1785		1866
2078		449		222		95		1761		1856
2078		428		219		90		1769		1859
2078		280		144		50		1884		1934
2078		595		278		132		1668		1800
2078		363		187		72		1819		1891
2078		757		356		158		1564		1722
2078		140		68		26		1984		2010
2078		788		372		157		1549		1706
2078		749		354		158		1566		1724
2078		575		274		127		1677		1804
2078		794		373		158		1547		1705
2078		458		225		96		1757		1853
2078		990		458		169		1451		1620
2078		301		153		53		1872		1925
2078		667		324		150		1604		1754
2078		822		386		158		1534		1692
2078		277		144		50		1884		1934
2078		843		399		157		1522		1679
2078		564		272		121		1685		1806
2078		339		173		65		1840		1905
2078		598		279		132		1667		1799
2078		429		220		90		1768		1858
2078		115		56		19		2003		2022
2078		576		275		128		1675		1803
2078		263		132		48		1898		1946
2078		364		187		72		1819		1891
2078		160		80		25		1973		1998
2078		248		129		44		1905		1949
2078		876		408		161		1509		1670
2078		430		220		90		1768		1858
2078		911		419		165		1494		1659
2078		284		146		50		1882		1932
2078		305		155		56		1867		1923
2078		357		183		71		1824		1895
2078		732		347		156		1575		1731
2078		663		322		480		1276		1756
2078		959		448		168		1462		1630
2078		269		136		49		1893		1942
2078		644		305		140		1633		1773
2078		231		110		47		1921		1968
2078		798		373		158		1547		1705
2078		540		265		115		1698		1813
2078		229		110		46		1922		1968
2078		501		255		103		1720		1823
2078		518		258		107		1713		1820
2078		220		105		43		1930		1973
2078		44		26		4		2048		2052
2078		922		426		165		1487		1652
2078		146		74		26		1978		2004
2078		258		131		46		1901		1947
2078		225		105		45		1928		1973
2078		164		85		24		1969		1993
2078		953		446		166		1466		1632
2078		119		56		21		2001		2022
2078		958		448		167		1463		1630
2078		472		232		97		1749		1846
2078		492		250		100		1728		1828
2078		845		399		158		1521		1679
2078		513		258		105		1715		1820
2078		842		399		157		1522		1679
2078		668		324		150		1604		1754
2078		987		457		169		1452		1621
2078		302		153		54		1871		1925
2078		99		51		13		2014		2027
2078		960		448		168		1462		1630
2078		642		305		139		1634		1773
2078		77		40		6		2032		2038
2078		138		68		26		1984		2010
2078		927		427		167		1484		1651
2078		817		383		159		1536		1695
2078		504		255		103		1720		1823
2078		671		324		152		1602		1754
2078		608		282		133		1663		1796
2078		652		310		139		1629		1768
2078		565		272		121		1685		1806
2078		581		275		129		1674		1803
2078		717		342		155		1581		1736
2078		45		26		4		2048		2052
2078		491		241		101		1736		1837
2078		129		61		24		1993		2017
2078		78		40		6		2032		2038
2078		307		155		56		1867		1923
2078		623		287		137		1654		1791
2078		986		457		169		1452		1621
2078		488		241		99		1738		1837
2078		803		376		157		1545		1702
2078		945		440		164		1474		1638
2078		496		250		101		1727		1828
2078		868		403		161		1514		1675
2078		330		161		62		1855		1917
2078		190		94		27		1957		1984
2078		519		258		107		1713		1820
2078		249		129		44		1905		1949
2078		314		157		57		1864		1921
2078		91		46		9		2023		2032
2078		661		322		148		1608		1756
2078		213		101		38		1939		1977
2078		800		376		157		1545		1702
2078		530		261		111		1706		1817
2078		754		356		157		1565		1722
2078		996		459		170		1449		1619
2078		186		94		26		1958		1984
2078		232		110		47		1921		1968
2078		619		287		135		1656		1791
2078		117		56		20		2002		2022
2078		699		333		155		1590		1745
2078		629		289		139		1650		1789
2078		665		322		149		1607		1756
2078		832		392		158		1528		1686
2078		967		449		170		1459		1629
2078		320		159		59		1860		1919
2078		195		97		31		1950		1981
2078		297		153		51		1874		1925
2078		650		310		139		1629		1768
2078		920		426		165		1487		1652
2078		910		419		165		1494		1659
2078		112		55		18		2005		2023
2078		201		98		33		1947		1980
2078		72		40		5		2033		2038
2078		408		215		85		1778		1863
2078		917		420		166		1492		1658
2078		176		89		27		1962		1989
2078		698		333		155		1590		1745
2078		588		276		131		1671		1802
2078		257		131		46		1901		1947
2078		288		146		51		1881		1932
2078		887		412		161		1505		1666
2078		537		265		114		1699		1813
2078		509		256		104		1718		1822
2078		766		362		156		1560		1716
2078		155		79		25		1974		1999
2078		431		220		90		1768		1858
2078		402		212		81		1785		1866
2078		915		420		165		1493		1658
2078		542		268		115		1695		1810
2078		965		449		169		1460		1629
2078		789		372		157		1549		1706
2078		725		346		154		1578		1732
2078		528		261		110		1707		1817
2078		172		89		27		1962		1989
2078		407		212		82		1784		1866
2078		381		194		73		1811		1884
2078		278		144		50		1884		1934
2078		985		457		169		1452		1621
2078		867		403		161		1514		1675
2078		527		261		110		1707		1817
2078		203		98		34		1946		1980
2078		139		68		26		1984		2010
2078		456		223		96		1759		1855
2078		107		55		16		2007		2023
2078		913		420		165		1493		1658
2078		515		258		106		1714		1820
2078		740		352		156		1570		1726
2078		104		54		15		2009		2024
2078		529		261		110		1707		1817
2078		635		299		139		1640		1779
2078		59		31		5		2042		2047
2078		787		372		157		1549		1706
2078		782		371		155		1552		1707
2078		896		414		162		1502		1664
2078		746		354		157		1567		1724
2078		643		305		139		1634		1773
2078		836		396		157		1525		1682
2078		869		403		162		1513		1675
2078		356		183		71		1824		1895
2078		871		408		160		1510		1670
2078		550		270		119		1689		1808
2078		126		58		23		1997		2020
2078		908		419		164		1495		1659
2078		783		371		156		1551		1707
2078		199		98		33		1947		1980
2078		425		219		89		1770		1859
2078		994		458		170		1450		1620
2078		919		426		165		1487		1652
2078		9		6		5		2067		2072
2078		941		440		164		1474		1638
2078		774		364		156		1558		1714
2078		383		194		73		1811		1884
2078		544		268		116		1694		1810
2078		592		278		131		1669		1800
2078		973		452		170		1456		1626
2078		633		299		139		1640		1779
2078		110		55		17		2006		2023
2078		109		55		17		2006		2023
2078		632		299		138		1641		1779
2078		198		98		32		1948		1980
2078		786		372		157		1549		1706
2078		873		408		0		1670		1670
2078		872		408		0		1670		1670
2078		980		453		0		1625		1625
2078		837		396		0		1682		1682
2078		933		430		2		1646		1648
2078		997		459		0		1619		1619
2078		995		458		0		1620		1620
2078		988		457		0		1621		1621
2078		983		457		1		1620		1621
2078		976		453		0		1625		1625
2078		982		457		10		1611		1621
2078		964		449		0		1629		1629
2078		970		452		0		1626		1626
2078		962		449		0		1629		1629

Battle result: Loss

For Earth Army:
	Total ES: 653	Total ET: 205	Total EG: 104	Total HU: 37
	DeadES/TotalES: 100.00%		DeadET/TotalET: 100.00%		DeadEG/TotalEG: 100.00%		DeadHU/TotalHU: 100.00%
	DeadEarthUnits/TotalEarthUnits: 100.00%
	Average Df: 64.70		Average Dd: 1002.92		Average Db: 1067.62
	Df/Db: 6.06%		Dd/Db: 93.94%

For Alien Army:
	Total AS: 699	Total AM: 102	Total AD: 199
	DeadAS/TotalAS: 25.32%		DeadAM/TotalAM: 7.84%		DeadAD/TotalAD: 1.01%
	DeadAlienUnits/TotalAlienUnits: 18.70%
	Average Df: 45.46		Average Dd: 1099.89		Average Db: 1145.35
	Df/Db: 3.97%		Dd/Db: 96.03%

HealedUnits/TotalEarthUnits: 9.51%

InfectedSoldier/TotalEarthSoldiers: 20.52%
