35		23		16		19		0		19
46		47		25		0		21		21
48		2007		4		3		41		44
54		2030		13		1		40		41
74		79		46		28		0		28
74		2042		14		4		56		60
78		2027		12		0		66		66
80		2039		14		3		63		66
84		2001		4		3		77		80
86		2062		33		0		53		53
92		2055		26		2		64		66
101		2021		10		6		85		91
105		2004		4		3		98		101
115		2103		56		2		57		59
122		2072		46		2		74		76
123		2052		26		5		92		97
137		2075		46		2		89		91
144		2036		14		3		127		130
145		105		58		0		87		87
145		261		145		0		0		0
152		2047		18		1		133		134
159		2259		142		0		17		17
163		2018		10		6		147		153
164		256		125		0		39		39
176		2298		167		0		9		9
177		2145		76		3		98		101
180		2024		12		2		166		168
208		386		199		9		0		9
208		2217		114		4		90		94
209		370		195		14		0		14
210		369		195		15		0		15
211		341		189		22		0		22
212		331		186		26		0		26
213		324		182		31		0		31
214		317		178		36		0		36
215		310		172		43		0		43
216		299		164		52		0		52
223		2202		107		3		113		116
234		391		201		0		33		33
240		2124		69		0		171		171
251		446		234		17		0		17
268		2117		64		9		195		204
271		476		240		0		31		31
282		2264		145		9		128		137
287		2261		145		0		142		142
289		2214		114		0		175		175
291		2244		130		1		160		161
304		555		281		23		0		23
305		549		280		25		0		25
306		523		271		35		0		35
315		2333		181		3		131		134
316		2530		295		0		21		21
321		2329		177		5		139		144
321		2237		125		0		196		196
330		2208		111		0		219		219
334		2529		295		1		38		39
340		2523		291		0		49		49
341		2326		177		0		164		164
343		2340		185		7		151		158
346		585		292		0		54		54
346		579		290		0		56		56
346		624		314		0		32		32
346		621		314		0		32		32
348		2343		185		3		160		163
353		2383		221		17		115		132
363		3001		363		0		0		0
367		2502		284		0		83		83
369		2002		4		3		362		365
371		2251		135		0		236		236
373		2522		291		0		82		82
374		3014		364		4		6		10
375		3005		363		1		11		12
386		2336		181		8		197		205
395		3034		373		9		13		22
396		2389		224		5		167		172
396		3008		364		2		30		32
399		2100		56		14		329		343
400		3043		387		13		0		13
404		2008		7		1		396		397
404		2010		7		1		396		397
407		762		387		20		0		20
408		761		387		21		0		21
408		2497		280		4		124		128
409		737		379		30		0		30
410		720		363		47		0		47
411		719		363		48		0		48
412		678		346		66		0		66
413		677		346		67		0		67
414		2142		76		3		335		338
414		2682		402		0		12		12
418		3066		397		21		0		21
419		2369		212		3		204		207
427		2501		284		0		143		143
428		2492		280		0		148		148
429		2392		224		13		192		205
430		776		399		0		31		31
430		789		430		0		0		0
431		2362		207		10		214		224
435		3056		388		18		29		47
438		804		438		0		0		0
439		803		438		1		0		1
440		3036		380		10		50		60
448		3064		397		20		31		51
454		2059		33		0		421		421
454		3077		398		25		31		56
456		774		399		0		57		57
456		799		432		0		24		24
456		794		432		0		24		24
456		835		456		0		0		0
457		2211		114		8		335		343
468		3091		406		29		33		62
473		818		443		0		30		30
473		821		445		0		28		28
476		3120		438		38		0		38
479		2019		10		2		467		469
480		2005		4		3		473		476
481		3133		439		42		0		42
494		2426		245		1		248		249
499		2068		39		0		460		460
508		3047		387		15		106		121
512		2082		49		5		458		463
516		3161		466		50		0		50
524		2037		14		4		506		510
534		3023		372		6		156		162
536		968		507		29		0		29
537		962		506		31		0		31
538		954		504		34		0		34
539		926		487		52		0		52
540		878		473		67		0		67
542		3179		489		53		0		53
559		2350		191		2		366		368
567		3099		424		30		113		143
577		2031		13		3		561		564
580		3050		388		15		177		192
584		2033		13		4		567		571
587		3106		436		33		118		151
590		3092		407		29		154		183
598		3175		478		52		68		120
599		3124		438		40		121		161
606		3233		537		69		0		69
610		2248		135		1		474		475
619		3187		490		55		74		129
621		3029		373		8		240		248
631		3251		557		74		0		74
632		2960		534		0		98		98
641		3266		561		80		0		80
645		2015		10		1		634		635
646		2949		532		0		114		114
651		2922		521		0		130		130
653		2347		191		4		458		462
672		3083		403		27		242		269
685		2091		54		2		629		631
686		2550		323		5		358		363
687		2104		56		22		609		631
705		3350		598		107		0		107
706		2433		250		13		443		456
706		2044		18		5		683		688
717		2152		79		15		623		638
719		3366		610		109		0		109
725		2076		46		17		662		679
731		3245		542		74		115		189
734		3390		618		116		0		116
743		2012		7		1		735		736
743		2510		285		1		457		458
749		2040		14		4		731		735
753		2921		521		125		107		232
758		2050		26		9		723		732
760		2199		107		1		652		653
761		2056		26		10		725		735
772		2161		84		1		687		688
773		3417		647		126		0		126
790		2474		271		1		518		519
796		2092		55		20		721		741
799		2028		12		3		784		787
804		2101		56		22		726		748
812		2153		79		35		698		733
813		2386		224		0		589		589
817		2271		149		25		643		668
820		2553		323		10		487		497
834		2905		516		0		318		318
843		2110		59		2		782		784
844		2073		46		17		781		798
844		2644		378		0		466		466
856		459		236		0		620		620
857		3509		702		155		0		155
859		2359		207		1		651		652
862		632		327		0		535		535
863		2457		261		95		507		602
865		2488		276		12		577		589
866		221		114		0		752		752
866		113		64		0		802		802
867		3532		705		162		0		162
867		606		305		0		562		562
867		437		233		0		634		634
868		2446		258		5		605		610
869		778		399		0		470		470
869		143		86		0		783		783
871		3538		708		163		0		163
872		265		145		0		727		727
873		626		326		0		547		547
874		305		166		0		708		708
874		78		44		0		830		830
876		2241		130		3		743		746
876		3354		605		107		164		271
876		242		121		0		755		755
877		508		266		0		611		611
877		843		460		0		417		417
877		986		520		0		357		357
878		183		95		373		410		783
879		696		358		215		306		521
879		615		309		0		570		570
880		2567		337		26		517		543
880		181		95		9		776		785
880		36		18		0		862		862
881		417		224		0		657		657
881		967		506		0		375		375
882		2793		465		20		397		417
882		2419		240		5		637		642
882		648		330		415		137		552
882		598		303		0		579		579
882		120		69		0		813		813
883		400		202		267		414		681
883		59		42		0		841		841
884		211		111		0		773		773
884		987		520		0		364		364
884		144		86		14		784		798
885		18		14		0		871		871
885		82		46		472		367		839
885		597		303		0		582		582
886		455		235		0		651		651
886		945		490		0		396		396
886		374		198		0		688		688
887		484		254		0		633		633
887		655		336		50		501		551
887		823		445		0		442		442
888		291		157		0		731		731
888		640		329		0		559		559
888		169		90		0		798		798
889		19		14		0		875		875
889		633		327		52		510		562
889		398		202		0		687		687
890		883		473		0		417		417
890		85		46		534		310		844
890		83		46		0		844		844
891		264		145		373		373		746
891		54		26		0		865		865
891		222		114		33		744		777
892		418		224		0		668		668
892		554		280		17		595		612
892		267		145		435		312		747
892		2190		102		44		746		790
894		3550		724		170		0		170
897		3381		612		113		172		285
907		2849		485		19		403		422
914		3183		490		54		370		424
915		2094		55		20		840		860
918		2025		12		3		903		906
918		2209		111		46		761		807
924		2212		114		46		764		810
924		2215		114		47		763		810
926		3592		742		184		0		184
928		3003		363		0		565		565
929		2029		13		3		913		916
930		3600		743		187		0		187
934		3608		746		188		0		188
950		2424		245		88		617		705
950		2427		245		89		616		705
952		2316		176		70		706		776
952		2318		176		70		706		776
959		3205		498		59		402		461
964		2238		125		55		784		839
966		2543		317		16		633		649
968		3656		765		203		0		203
970		2595		349		78		543		621
970		2170		91		38		841		879
973		3211		502		62		409		471
976		3664		771		205		0		205
977		2242		130		56		791		847
980		3420		647		127		206		333
999		2053		26		9		964		973
1000		3441		654		133		213		346
1003		2352		199		76		728		804
1009		3292		569		89		351		440
1012		2358		207		75		730		805
1016		2130		74		28		914		942
1017		2511		285		94		638		732
1021		2614		358		5		658		663
1022		2518		287		94		641		735
1024		2134		75		30		919		949
1025		2138		75		30		920		950
1027		3455		668		137		222		359
1027		3229		508		66		453		519
1032		3717		808		224		0		224
1036		2774		455		6		575		581
1036		2663		393		79		564		643
1037		2700		408		1		628		629
1038		2288		158		63		817		880
1043		3734		816		227		0		227
1050		3744		820		230		0		230
1051		2838		477		3		571		574
1052		2835		477		1		574		575
1054		2809		469		28		557		585
1054		2111		59		23		972		995
1055		3750		822		233		0		233
1056		3753		822		234		0		234
1062		2227		122		50		890		940
1062		2312		173		68		821		889
1064		2162		85		37		942		979
1068		3480		685		146		237		383
1068		3481		685		146		237		383
1070		2060		33		12		1025		1037
1076		3489		688		148		240		388
1082		2063		33		13		1036		1049
1083		2725		426		86		571		657
1083		2048		18		5		1060		1065
1084		2538		296		33		755		788
1084		2338		185		72		827		899
1085		2903		513		29		543		572
1086		2745		433		0		653		653
1090		3115		437		36		617		653
1096		3790		848		248		0		248
1097		3494		697		151		249		400
1097		3496		697		151		249		400
1101		3504		698		153		250		403
1103		2348		191		74		838		912
1106		2125		69		25		1012		1037
1109		2788		461		0		648		648
1109		2475		271		96		742		838
1109		2180		97		42		970		1012
1111		3510		702		155		254		409
1112		2439		254		5		853		858
1115		2254		142		55		918		973
1115		2573		338		34		743		777
1118		2065		39		13		1066		1079
1119		2875		503		13		603		616
1123		3346		598		106		419		525
1124		2127		74		27		1023		1050
1130		2268		149		59		922		981
1131		2727		426		47		658		705
1131		2069		39		15		1077		1092
1132		2812		469		5		658		663
1137		2136		75		30		1032		1062
1146		2377		216		81		849		930
1147		3846		878		269		0		269
1151		2824		473		94		584		678
1152		2384		221		83		848		931
1152		2017		10		2		1140		1142
1156		3857		884		272		0		272
1158		2882		506		9		643		652
1159		3866		885		274		0		274
1160		2641		378		22		760		782
1162		2219		116		49		997		1046
1163		2541		317		84		762		846
1164		2763		451		16		697		713
1166		3544		721		168		277		445
1166		2301		167		65		934		999
1167		2742		432		17		718		735
1170		2305		171		65		934		999
1172		2889		509		27		636		663
1173		3554		726		171		276		447
1179		2133		74		18		1087		1105
1179		2164		85		37		1057		1094
1182		3563		729		174		279		453
1184		3889		904		280		0		280
1186		3892		905		281		0		281
1187		2956		533		100		554		654
1188		3177		489		52		647		699
1188		2434		250		91		847		938
1190		2887		509		99		582		681
1194		2723		426		86		682		768
1196		2852		485		30		681		711
1197		3904		912		285		0		285
1197		2598		350		77		770		847
1198		2602		350		78		770		848
1198		2748		433		34		731		765
1198		2906		516		101		581		682
1203		3184		490		54		659		713
1213		2650		381		10		822		832
1216		2465		267		96		853		949
1217		2978		541		11		665		676
1219		2252		135		57		1027		1084
1226		2917		517		23		686		709
1226		2482		273		96		857		953
1230		2777		455		10		765		775
1232		2495		280		94		858		952
1234		2818		470		5		759		764
1234		2914		517		95		622		717
1236		2360		207		76		953		1029
1238		2564		337		0		901		901
1238		3945		936		302		0		302
1239		2642		378		79		782		861
1240		2508		285		94		861		955
1240		2993		546		0		694		694
1243		2796		465		7		771		778
1246		2370		212		77		957		1034
1254		3976		943		311		0		311
1255		3977		943		312		0		312
1258		2143		76		32		1150		1182
1259		2146		76		33		1150		1183
1259		2096		55		21		1183		1204
1262		3203		497		59		706		765
1265		2387		224		83		958		1041
1265		2791		461		0		804		804
1269		2394		226		84		959		1043
1270		2676		397		81		792		873
1276		2308		171		1		1104		1105
1278		3642		758		200		320		520
1279		3250		557		74		648		722
1280		2107		59		23		1198		1221
1283		2959		533		0		750		750
1283		2155		84		35		1164		1199
1286		2698		408		83		795		878
1288		2900		513		0		775		775
1289		2760		451		2		836		838
1289		2546		317		75		897		972
1289		3658		765		203		321		524
1291		2166		85		37		1169		1206
1292		2570		338		2		952		954
1296		3267		565		80		651		731
1297		2574		338		79		880		959
1297		2324		177		71		1049		1120
1299		3667		775		206		318		524
1311		2904		516		101		694		795
1317		3287		568		88		661		749
1326		2121		69		24		1233		1257
1327		2935		524		1		802		803
1328		3012		364		3		961		964
1328		2753		440		89		799		888
1332		3225		508		64		760		824
1334		3698		801		218		315		533
1337		2938		524		23		790		813
1339		2323		177		1		1161		1162
1343		3711		807		222		314		536
1343		2761		451		88		804		892
1346		2262		145		58		1143		1201
1347		2766		454		88		805		893
1348		2535		296		0		1052		1052
1349		2088		54		19		1276		1295
1351		2692		405		27		919		946
1351		2363		207		76		1068		1144
1355		2272		149		60		1146		1206
1357		2826		473		15		869		884
1360		2651		381		80		899		979
1362		3740		818		230		314		544
1365		2684		402		22		941		963
1365		2200		107		44		1214		1258
1366		2507		285		7		1074		1081
1367		2528		295		91		981		1072
1368		2373		216		79		1073		1152
1372		2280		150		11		1211		1222
1372		3312		584		96		692		788
1372		2205		111		45		1216		1261
1376		2294		158		65		1153		1218
1377		2390		224		83		1070		1153
1379		2670		396		80		903		983
1386		2293		158		1		1227		1228
1386		2423		245		21		1120		1141
1386		2405		230		85		1071		1156
1389		2544		317		84		988		1072
1391		2850		485		97		809		906
1395		2551		323		82		990		1072
1398		2867		500		12		886		898
1399		3783		842		245		312		557
1399		2560		330		79		990		1069
1401		2230		122		51		1228		1279
1405		3785		848		246		311		557
1406		2697		408		3		995		998
1407		2571		338		78		991		1069
1407		2327		177		72		1158		1230
1409		2880		506		97		806		903
1410		2886		509		3		898		901
1412		2331		181		71		1160		1231
1413		2334		181		72		1160		1232
1413		2114		64		24		1325		1349
1413		2436		254		91		1068		1159
1416		3506		702		154		560		714
1417		2898		513		100		804		904
1418		2592		349		77		992		1069
1418		2594		349		77		992		1069
1422		2912		517		101		804		905
1423		2447		258		93		1072		1165
1428		3519		704		158		566		724
1434		2944		525		27		882		909
1437		2083		49		19		1369		1388
1438		2750		440		89		909		998
1442		3827		872		262		308		570
1444		2872		503		3		938		941
1450		2355		199		77		1174		1251
1453		2085		54		18		1381		1399
1457		3850		880		270		307		577
1457		2775		455		89		913		1002
1460		2500		284		93		1083		1176
1460		2639		378		78		1004		1082
1460		2778		457		89		914		1003
1461		2941		525		3		933		936
1467		2367		212		76		1179		1255
1469		2794		465		91		913		1004
1472		2285		152		63		1257		1320
1472		2580		340		2		1130		1132
1472		2800		467		92		913		1005
1475		2536		296		92		1087		1179
1475		2539		296		92		1087		1179
1475		2807		469		93		913		1006
1476		3376		611		112		753		865
1477		2819		470		94		913		1007
1480		2822		473		94		913		1007
1490		3883		904		278		308		586
1493		2299		167		65		1261		1326
1493		2853		485		98		910		1008
1495		2693		405		83		1007		1090
1496		2302		171		65		1260		1325
1497		2409		237		87		1173		1260
1498		2412		237		87		1174		1261
1499		3902		908		284		307		591
1501		3572		731		178		592		770
1501		2043		18		5		1478		1483
1502		2309		173		68		1261		1329
1505		3040		380		12		1113		1125
1507		2376		216		30		1261		1291
1508		2873		503		96		909		1005
1510		2071		46		16		1448		1464
1510		2587		342		3		1165		1168
1523		2443		258		92		1173		1265
1524		2366		212		2		1310		1312
1525		2908		516		101		908		1009
1525		2729		429		87		1009		1096
1525		2731		429		87		1009		1096
1526		2733		429		87		1010		1097
1527		2341		185		73		1269		1342
1528		2451		259		94		1175		1269
1530		2606		355		77		1098		1175
1531		2920		521		102		908		1010
1536		2615		358		76		1102		1178
1537		2942		525		104		908		1012
1539		2079		49		18		1472		1490
1540		2468		267		96		1177		1273
1541		2756		440		90		1011		1101
1542		2630		364		76		1102		1178
1543		2946		532		104		907		1011
1547		3958		938		305		304		609
1548		2739		432		17		1099		1116
1548		3610		749		189		610		799
1555		2404		230		13		1312		1325
1555		3616		749		191		615		806
1558		2493		280		94		1184		1278
1561		2772		455		89		1017		1106
1562		2498		284		93		1185		1278
1563		2994		546		111		906		1017
1564		2503		284		94		1186		1280
1564		2195		102		46		1416		1462
1569		2517		287		18		1264		1282
1573		2203		107		44		1422		1466
1573		2282		152		63		1358		1421
1574		2337		185		7		1382		1389
1574		3638		758		198		618		816
1574		2803		467		92		1015		1107
1577		2810		469		93		1015		1108
1582		2381		221		82		1279		1361
1583		2292		158		64		1361		1425
1584		3648		763		201		620		821
1585		2149		79		34		1472		1506
1586		3149		450		48		1088		1136
1589		2397		226		84		1279		1363
1593		2295		167		64		1362		1426
1596		3661		771		204		621		825
1596		3662		771		204		621		825
1597		2690		405		83		1109		1192
1597		2548		323		82		1192		1274
1598		2158		84		36		1478		1514
1600		2380		221		10		1369		1379
1600		2420		240		89		1271		1360
1600		2556		330		79		1191		1270
1604		2865		500		97		1007		1104
1606		3215		502		63		1041		1104
1610		2581		340		79		1191		1270
1611		2431		250		90		1271		1361
1613		2588		342		79		1192		1271
1616		2118		64		25		1527		1552
1620		2173		91		38		1491		1529
1627		2605		355		77		1195		1272
1627		2245		130		56		1441		1497
1629		3103		424		32		1173		1205
1632		2611		358		76		1198		1274
1632		2933		524		104		1004		1108
1633		3295		573		91		969		1060
1635		2619		359		77		1199		1276
1638		2249		135		56		1447		1503
1639		2485		276		26		1337		1363
1641		2629		364		76		1201		1277
1641		2815		470		52		1119		1171
1644		2957		533		106		1005		1111
1647		2631		369		76		1202		1278
1651		2623		359		5		1287		1292
1651		2486		276		96		1279		1375
1652		2758		451		88		1113		1201
1654		2974		541		108		1005		1113
1654		2976		541		108		1005		1113
1656		2260		145		57		1454		1511
1656		2547		323		2		1331		1333
1656		2265		145		58		1453		1511
1659		2987		544		110		1005		1115
1661		2989		546		110		1005		1115
1662		2781		457		90		1115		1205
1669		2861		486		9		1174		1183
1674		2531		295		91		1288		1379
1677		2816		470		94		1113		1207
1679		2207		111		46		1522		1568
1682		2828		475		95		1112		1207
1684		3317		588		97		999		1096
1685		2836		477		96		1112		1208
1686		2839		477		96		1113		1209
1687		2678		397		81		1209		1290
1687		3485		688		147		852		999
1689		2400		230		84		1375		1459
1690		2403		230		85		1375		1460
1690		2222		116		50		1524		1574
1691		2680		402		82		1207		1289
1691		2685		402		82		1207		1289
1693		2857		486		97		1110		1207
1694		3162		472		50		1172		1222
1708		2715		420		86		1202		1288
1709		2583		342		78		1289		1367
1710		2236		125		54		1531		1585
1710		2885		509		99		1102		1201
1712		3096		407		30		1275		1305
1713		3792		856		249		608		857
1718		2445		258		93		1367		1460
1719		2455		259		2		1458		1460
1720		2315		173		2		1545		1547
1720		2740		432		87		1201		1288
1720		2604		355		77		1288		1365
1721		2923		521		102		1098		1200
1722		2749		433		88		1201		1289
1724		2929		523		104		1097		1201
1725		2806		469		68		1188		1256
1730		2627		364		76		1290		1366
1731		2123		69		25		1637		1662
1733		2954		533		106		1094		1200
1736		2971		535		107		1094		1201
1737		2632		369		76		1292		1368
1737		2635		369		76		1292		1368
1739		2022		12		2		1725		1727
1739		2481		273		6		1460		1466
1739		2489		276		96		1367		1463
1740		2184		100		43		1597		1640
1741		2188		100		44		1597		1641
1746		2192		102		45		1599		1644
1746		2193		102		45		1599		1644
1747		2991		546		111		1090		1201
1752		2516		287		94		1371		1465
1754		2276		150		62		1542		1604
1754		2430		250		3		1501		1504
1755		2519		291		92		1372		1464
1755		2521		291		92		1372		1464
1757		3855		884		271		602		873
1761		3867		885		274		602		876
1764		2290		158		64		1542		1606
1766		2831		475		95		1196		1291
1770		2675		397		81		1292		1373
1771		3548		724		169		878		1047
1785		2701		412		83		1290		1373
1786		2704		412		83		1291		1374
1788		2868		500		97		1191		1288
1789		3897		908		282		599		881
1789		2565		337		78		1374		1452
1790		2711		416		86		1288		1374
1793		3906		912		285		596		881
1795		2718		420		86		1289		1375
1797		2883		509		99		1189		1288
1799		2440		254		92		1453		1545
1800		2890		512		99		1189		1288
1802		2901		513		100		1189		1289
1805		2915		517		102		1186		1288
1812		2460		261		96		1455		1551
1813		2926		523		103		1187		1290
1815		3599		743		186		886		1072
1817		2622		359		77		1381		1458
1821		2951		532		105		1184		1289
1821		2952		532		105		1184		1289
1827		2257		142		56		1629		1685
1831		2764		454		88		1289		1377
1836		3979		943		312		581		893
1839		3000		551		112		1176		1288
1840		2648		381		80		1379		1459
1842		2524		291		93		1458		1551
1843		2797		465		92		1286		1378
1848		2658		388		80		1380		1460
1850		2141		76		32		1742		1774
1852		3248		557		74		1221		1295
1853		2664		393		80		1380		1460
1873		2045		18		5		1850		1855
1884		2116		64		25		1795		1820
1884		2892		512		100		1272		1372
1886		2728		426		87		1373		1460
1886		2591		349		77		1460		1537
1890		3282		568		86		1236		1322
1893		3218		505		63		1325		1388
1894		2746		433		88		1373		1461
1897		3222		505		64		1328		1392
1900		3447		664		135		1101		1236
1904		3297		573		92		1239		1331
1904		3299		573		92		1239		1331
1908		2968		535		107		1266		1373
1909		2253		142		55		1712		1767
1912		2979		541		108		1263		1371
1912		2186		100		43		1769		1812
1913		2768		454		89		1370		1459
1917		2499		284		93		1540		1633
1918		2267		149		59		1710		1769
1919		2270		149		60		1710		1770
1921		2646		381		79		1461		1540
1922		2789		461		91		1370		1461
1931		2287		152		64		1715		1779
1933		2659		393		79		1461		1540
1935		2291		158		64		1713		1777
1944		2843		481		96		1367		1463
1945		2402		230		85		1630		1715
1948		3487		688		147		1113		1260
1953		2557		330		79		1544		1623
1955		3166		472		51		1432		1483
1957		2862		500		96		1361		1457
1959		2871		503		96		1360		1456
1960		3335		594		101		1265		1366
1961		2576		340		78		1543		1621
1963		3493		697		150		1116		1266
1967		2046		18		5		1944		1949
1968		2599		350		78		1540		1618
1974		2918		521		102		1351		1453
1976		3511		702		155		1119		1274
1976		3806		858		254		864		1118
1978		2936		524		104		1350		1454
1980		2346		191		74		1715		1789
1986		2179		97		41		1848		1889
1990		2255		142		55		1793		1848
1991		2484		276		96		1619		1715
1992		2183		100		43		1849		1892
2000		2090		54		20		1926		1946
2001		2786		461		91		1449		1540
2004		2279		150		62		1792		1854
2009		2533		296		91		1622		1713
2017		2669		396		80		1541		1621
2020		2679		397		81		1542		1623
2020		2399		226		85		1709		1794
2021		2846		481		96		1444		1540
2033		2418		240		89		1704		1793
2036		2320		176		71		1789		1860
2038		2708		416		86		1536		1622
2040		2578		340		78		1622		1700
2047		2894		512		100		1435		1535
2050		2442		258		92		1700		1792
2053		2738		432		87		1534		1621
2059		2945		525		105		1429		1534
2067		2478		273		96		1698		1794
2068		2016		10		1		2057		2058
2070		2189		100		44		1926		1970
2070		2067		39		14		2017		2031
2072		3605		746		187		1139		1326
2077		3947		937		302		838		1140
2079		3952		937		304		838		1142
2082		2527		295		91		1696		1787
2089		2099		56		22		2011		2033
2103		2160		84		36		1983		2019
2104		2694		408		83		1613		1696
2104		2696		408		83		1613		1696
2107		2422		245		88		1774		1862
2109		2869		503		96		1510		1606
2112		2579		340		79		1693		1772
2112		2878		506		97		1509		1606
2115		2113		64		24		2027		2051
2118		2593		349		77		1692		1769
2122		2743		433		88		1601		1689
2128		2081		49		19		2060		2079
2130		3429		651		130		1349		1479
2131		3432		651		131		1349		1480
2132		2625		364		76		1692		1768
2134		3434		651		132		1351		1483
2135		3217		502		64		1569		1633
2136		2964		534		106		1496		1602
2151		3445		664		134		1353		1487
2151		2526		295		91		1765		1856
2157		2375		216		80		1861		1941
2159		2660		393		79		1687		1766
2162		2833		475		95		1592		1687
2162		2666		396		80		1686		1766
2162		2668		396		80		1686		1766
2167		2841		481		96		1590		1686
2170		3469		670		143		1357		1500
2171		2860		486		98		1587		1685
2172		2109		59		23		2090		2113
2172		3730		816		226		1130		1356
2178		2314		173		69		1936		2005
2179		2706		412		83		1684		1767
2184		2058		33		12		2139		2151
2188		2438		254		92		1842		1934
2196		2607		355		77		1764		1841
2198		3326		590		99		1509		1608
2199		2612		358		76		1765		1841
2201		2621		359		77		1765		1842
2202		2247		135		56		2011		2067
2210		2633		369		76		1765		1841
2210		2636		369		76		1765		1841
2212		2023		12		2		2198		2200
2218		2132		74		29		2115		2144
2219		2513		287		93		1839		1932
2225		2655		388		80		1757		1837
2228		3344		598		105		1525		1630
2229		2661		393		79		1757		1836
2233		3823		865		260		1108		1368
2235		2151		79		35		2121		2156
2243		3131		439		42		1762		1804
2252		2884		509		99		1644		1743
2253		2435		254		91		1908		1999
2261		2919		521		102		1638		1740
2263		2610		358		76		1829		1905
2265		2120		69		24		2172		2196
2269		3136		444		42		1783		1825
2271		2178		97		41		2133		2174
2272		2182		97		42		2133		2175
2276		3140		444		44		1788		1832
2282		2505		285		93		1904		1997
2285		2520		291		92		1902		1994
2289		2653		388		79		1822		1901
2291		2813		470		94		1727		1821
2295		2671		396		80		1819		1899
2299		3042		380		12		1907		1919
2305		2407		237		87		1981		2068
2306		2307		171		66		2069		2135
2307		3596		743		185		1379		1564
2314		3609		746		189		1379		1568
2318		2115		64		24		2230		2254
2322		2444		258		93		1971		2064
2328		3619		750		192		1386		1578
2328		2462		261		96		1971		2067
2330		3197		497		58		1775		1833
2332		2626		364		76		1892		1968
2333		2948		532		105		1696		1801
2335		3986		950		314		1071		1385
2338		2480		273		96		1969		2065
2342		2185		100		43		2199		2242
2345		2981		544		109		1692		1801
2349		3647		763		201		1385		1586
2350		2515		287		94		1969		2063
2352		2278		150		62		2140		2202
2353		3262		561		78		1714		1792
2354		2805		467		92		1795		1887
2358		2379		221		82		2055		2137
2363		2672		396		81		1886		1967
2365		3672		775		208		1382		1590
2367		2224		116		50		2201		2251
2368		2859		486		98		1784		1882
2380		2713		416		87		1877		1964
2380		2568		338		78		1964		2042
2383		2235		125		54		2204		2258
2389		2450		259		94		2036		2130
2389		2454		259		95		2035		2130
2402		2256		142		56		2204		2260
2406		2986		544		110		1752		1862
2408		2783		457		90		1861		1951
2408		2196		102		46		2260		2306
2414		2365		212		76		2126		2202
2427		2842		481		96		1850		1946
2430		3478		685		145		1600		1745
2437		3329		590		100		1747		1847
2440		2575		340		78		2022		2100
2442		2582		342		78		2022		2100
2444		3168		472		51		1921		1972
2445		2590		349		77		2019		2096
2445		2596		350		77		2018		2095
2448		2453		259		95		2094		2189
2453		3501		698		152		1603		1755
2458		2966		534		107		1817		1924
2464		2984		544		110		1810		1920
2465		2988		546		110		1809		1919
2468		2996		551		112		1805		1917
2471		3528		705		161		1605		1766
2474		3098		407		31		2036		2067
2477		2204		111		45		2321		2366
2478		3129		439		41		1998		2039
2483		2401		230		84		2169		2253
2483		3355		605		107		1771		1878
2484		2223		116		50		2318		2368
2484		3357		605		108		1771		1879
2491		2417		240		88		2163		2251
2497		2429		250		90		2157		2247
2498		2586		342		79		2077		2156
2509		2939		525		104		1880		1984
2511		2122		69		25		2417		2442
2511		2345		191		74		2246		2320
2512		2628		364		76		2072		2148
2517		2973		535		108		1874		1982
2521		2985		544		110		1867		1977
2523		2269		149		59		2315		2374
2528		3393		619		117		1792		1909
2531		2657		388		80		2063		2143
2537		2673		397		80		2060		2140
2537		2677		397		81		2059		2140
2546		2558		330		79		2137		2216
2550		2870		503		96		1951		2047
2552		2720		420		87		2045		2132
2553		2585		342		79		2132		2211
2554		3950		937		303		1314		1617
2562		2175		91		39		2432		2471
2565		2931		523		104		1938		2042
2570		2176		97		40		2433		2473
2584		2645		381		79		2124		2203
2587		2654		388		80		2119		2199
2597		2856		486		97		2014		2111
2598		2688		405		82		2111		2193
2600		2413		237		88		2275		2363
2602		2313		173		68		2361		2429
2616		3685		791		213		1612		1825
2627		2963		534		106		1987		2093
2628		2181		97		42		2489		2531
2633		2128		74		27		2532		2559
2649		2674		397		80		2172		2252
2658		2225		122		50		2486		2536
2666		2437		254		92		2320		2412
2671		2240		130		55		2486		2541
2672		2737		432		86		2154		2240
2675		2618		359		77		2239		2316
2687		2089		54		19		2614		2633
2712		2168		85		38		2589		2627
2719		3835		875		267		1577		1844
2727		2940		525		104		2098		2202
2733		2054		26		9		2698		2707
2740		2512		287		93		2360		2453
2741		2998		551		112		2078		2190
2751		2105		56		22		2673		2695
2763		2563		337		78		2348		2426
2769		2597		350		77		2342		2419
2772		2449		259		94		2419		2513
2776		2751		440		89		2247		2336
2777		2084		49		20		2708		2728
2777		2470		271		94		2412		2506
2779		2962		534		106		2139		2245
2780		2014		7		2		2771		2773
2786		2506		285		93		2408		2501
2788		2274		150		61		2577		2638
2788		2275		150		61		2577		2638
2791		2534		296		91		2404		2495
2791		2652		388		79		2324		2403
2792		2656		388		80		2324		2404
2792		2374		216		80		2496		2576
2794		2206		111		46		2637		2683
2798		2391		224		83		2491		2574
2800		2395		226		84		2490		2574
2800		2398		226		84		2490		2574
2801		2154		79		35		2687		2722
2804		2221		116		50		2638		2688
2806		3627		753		195		1858		2053
2808		2306		171		66		2571		2637
2814		2319		176		71		2567		2638
2817		2233		125		53		2639		2692
2832		2473		271		96		2465		2561
2836		2066		39		14		2783		2797
2839		2780		457		90		2292		2382
2840		2129		74		28		2738		2766
2845		2286		152		63		2630		2693
2851		2003		4		3		2844		2847
2853		2220		116		50		2687		2737
2854		2855		486		97		2271		2368
2856		3294		569		90		2197		2287
2856		2415		240		88		2528		2616
2858		2167		85		38		2735		2773
2864		2234		125		53		2686		2739
2867		2600		350		78		2439		2517
2871		2458		261		95		2515		2610
2872		2461		261		96		2515		2611
2873		2013		7		2		2864		2866
2875		2624		364		75		2436		2511
2876		3045		387		14		2475		2489
2878		2961		534		106		2238		2344
2881		2356		199		77		2605		2682
2882		2357		199		77		2606		2683
2888		3739		818		229		1841		2070
2893		2289		158		63		2672		2735
2894		2216		114		47		2733		2780
2894		2020		10		2		2882		2884
2896		2106		59		22		2815		2837
2898		3472		682		143		2073		2216
2899		2554		330		78		2491		2569
2900		2555		330		78		2492		2570
2901		2231		122		51		2728		2779
2901		2421		245		88		2568		2656
2902		2165		85		37		2780		2817
2903		2322		176		71		2656		2727
2915		2613		358		76		2481		2557
2917		2246		135		55		2727		2782
2917		2463		267		96		2554		2650
2918		2041		14		5		2899		2904
2923		2086		54		19		2850		2869
2923		2982		544		109		2270		2379
2929		2808		469		93		2367		2460
2930		2144		76		32		2822		2854
2933		2830		475		95		2363		2458
2933		2150		79		34		2820		2854
2933		2667		396		80		2457		2537
2934		2393		226		83		2625		2708
2938		2032		13		3		2922		2925
2939		2035		13		4		2922		2926
2939		2687		405		82		2452		2534
2943		2416		240		88		2615		2703
2948		2074		46		17		2885		2902
2950		2172		91		38		2821		2859
2957		2126		69		26		2862		2888
2959		2472		271		96		2592		2688
2960		2970		535		107		2318		2425
2960		2972		535		108		2317		2425
2961		2634		369		76		2516		2592
2962		2770		454		89		2419		2508
2968		2137		75		30		2863		2893
2968		2139		75		31		2862		2893
2969		2284		152		63		2754		2817
2971		2814		470		94		2407		2501
2974		2832		475		95		2404		2499
2975		2006		4		3		2968		2971
2975		2296		167		65		2743		2808
2978		2304		171		65		2742		2807
2978		2411		237		87		2654		2741
2980		2425		245		89		2646		2735
2981		2863		500		96		2385		2481
2983		2569		338		78		2567		2645
2985		2584		342		78		2565		2643
2985		2888		509		99		2377		2476
2988		2907		516		101		2371		2472
2991		2452		259		94		2638		2732
2992		2609		355		77		2560		2637
2993		2038		14		4		2975		2979
2994		2617		359		77		2558		2635
2995		2080		49		19		2927		2946
2998		2490		276		96		2626		2722
3000		2263		145		58		2797		2855
3007		2147		76		33		2898		2931
3010		2148		79		34		2897		2931
3012		2218		116		49		2847		2896
3013		2681		402		82		2529		2611
3014		2858		486		98		2430		2528
3016		2695		408		83		2525		2608
3018		2712		416		87		2515		2602
3019		2232		125		52		2842		2894
3020		2881		506		97		2417		2514
3020		2719		420		86		2514		2600
3020		2432		250		90		2680		2770
3025		2916		517		102		2406		2508
3026		2608		355		77		2594		2671
3026		2744		433		88		2505		2593
3027		2049		18		6		3003		3009
3027		2930		523		104		2400		2504
3029		2469		267		97		2665		2762
3029		2947		532		104		2393		2497
3030		2950		532		105		2393		2498
3030		2177		97		40		2893		2933
3031		2969		535		107		2389		2496
3031		2477		273		95		2663		2758
3032		2483		273		96		2663		2759
3032		2354		199		77		2756		2833
3034		2087		54		19		2961		2980
3036		2643		378		79		2579		2658
3040		2802		467		92		2481		2573
3040		2804		467		92		2481		2573
3040		2537		296		92		2652		2744
3041		2811		469		93		2479		2572
3041		2378		216		81		2744		2825
3041		2095		55		20		2966		2986
3042		2210		111		46		2885		2931
3043		2662		393		79		2571		2650
3043		2825		473		95		2475		2570
3044		2834		477		96		2471		2567
3045		2297		167		65		2813		2878
3045		2848		485		97		2463		2560
3048		2034		13		4		3031		3035
3049		2011		7		1		3041		3042
3049		2310		173		68		2808		2876
3049		2311		173		68		2808		2876
3050		2705		412		83		2555		2638
3051		2561		337		77		2637		2714
3052		2057		33		11		3008		3019
3053		2061		33		13		3007		3020
3055		2589		349		77		2629		2706
3061		2467		267		96		2698		2794
3061		2755		440		89		2532		2621
3063		2476		271		97		2695		2792
3063		2965		534		106		2423		2529
3063		2479		273		96		2694		2790
3066		2983		544		109		2413		2522
3066		2776		455		89		2522		2611
3067		2782		457		90		2520		2610
3069		2283		152		63		2854		2917
3072		2102		56		22		2994		3016
3072		2388		224		83		2765		2848
3072		2213		114		47		2911		2958
3073		2406		230		85		2758		2843
3075		2414		240		87		2748		2835
3075		2559		330		79		2666		2745
3075		2229		122		51		2902		2953
3076		3264		561		79		2436		2515
3079		2428		250		90		2739		2829
3084		2174		91		38		2955		2993
3086		2937		524		104		2458		2562
3088		3423		648		128		2312		2440
3089		2967		535		107		2447		2554
3090		2769		454		89		2547		2636
3091		2509		285		94		2712		2806
3094		2514		287		94		2713		2807
3095		2277		150		62		2883		2945
3096		2799		467		92		2537		2629
3096		2372		216		79		2801		2880
3097		2097		55		21		3021		3042
3097		2098		55		21		3021		3042
3097		2026		12		3		3082		3085
3099		2542		317		84		2698		2782
3101		2156		84		36		2981		3017
3101		2303		171		65		2865		2930
3103		2562		337		78		2688		2766
3104		2577		340		78		2686		2764
3105		2332		181		71		2853		2924
3106		2899		513		100		2493		2593
3110		2471		271		96		2743		2839
3111		2487		276		96		2739		2835
3113		2496		280		95		2738		2833
3113		2266		145		59		2909		2968
3114		2767		454		88		2572		2660
3114		2361		207		76		2831		2907
3114		2364		207		76		2831		2907
3117		2795		465		91		2561		2652
3117		2798		465		92		2560		2652
3120		2385		221		83		2816		2899
3120		2829		475		95		2550		2645
3120		2840		477		96		2547		2643
3120		2545		317		84		2719		2803
3121		2108		59		23		3039		3062
3126		2710		416		86		2624		2710
3126		2874		503		96		2527		2623
3127		2716		420		86		2621		2707
3129		2726		426		86		2617		2703
3131		2601		350		78		2703		2781
3133		2243		130		56		2947		3003
3133		2603		355		76		2702		2778
3135		2934		524		104		2507		2611
3143		2070		39		15		3089		3104
3144		2827		475		95		2574		2669
3146		2159		84		36		3026		3062
3146		2702		412		83		2651		2734
3150		2339		185		72		2893		2965
3151		2735		429		87		2635		2722
3152		2456		261		95		2796		2891
3152		2459		261		96		2795		2891
3152		2928		523		103		2526		2629
3152		2616		358		76		2718		2794
3153		2943		525		105		2523		2628
3153		2078		49		18		3086		3104
3157		2773		455		89		2613		2702
3157		2779		457		90		2610		2700
3159		2201		107		44		3008		3052
3159		2281		152		62		2945		3007
3160		2801		467		92		2601		2693
3163		2703		412		83		2668		2751
3164		2717		420		86		2658		2744
3166		2909		516		101		2549		2650
3166		2734		429		87		2650		2737
3167		2913		517		102		2548		2650
3167		2741		432		87		2648		2735
3167		2747		433		88		2646		2734
3167		2925		523		103		2541		2644
3168		2958		533		106		2529		2635
3168		2977		541		108		2519		2627
3169		2640		378		79		2712		2791
3169		2131		74		28		3067		3095
3170		2790		461		91		2618		2709
3170		2649		381		80		2709		2789
3171		2198		107		44		3020		3064
3172		2552		323		82		2767		2849
3173		2866		500		97		2576		2673
3174		2893		512		100		2562		2662
3175		2722		426		86		2663		2749
3175		2902		513		100		2562		2662
3176		2239		130		55		2991		3046
3176		2927		523		103		2550		2653
3176		2620		359		77		2740		2817
3179		2371		212		77		2890		2967
3180		2686		402		82		2696		2778
3180		2851		485		97		2598		2695
3180		2854		485		98		2597		2695
3181		2699		408		84		2689		2773
3181		2325		177		71		2933		3004
3182		2077		46		18		3118		3136
3183		2448		258		93		2832		2925
3183		2342		185		73		2925		2998
3183		2349		191		75		2917		2992
3183		2250		135		57		2991		3048
3184		2637		369		76		2739		2815
3185		2064		39		13		3133		3146
3185		2273		149		60		2976		3036
3186		2817		470		94		2622		2716
3186		2837		477		96		2613		2709
3186		2396		226		84		2876		2960
3187		2112		59		24		3104		3128
3188		3807		858		254		2076		2330
3189		2732		429		87		2673		2760
3189		2980		541		109		2539		2648
3190		2140		75		31		3084		3115
3192		2549		323		82		2787		2869
3192		2157		84		36		3072		3108
3193		2709		416		86		2691		2777
3193		2335		181		72		2940		3012
3194		2896		512		100		2582		2682
3195		2787		461		91		2643		2734
3195		2665		393		80		2722		2802
3195		2382		221		83		2891		2974
3195		2691		405		83		2707		2790
3195		2321		176		71		2948		3019
3197		2051		26		9		3162		3171
3198		2992		546		111		2541		2652
3198		2995		551		112		2535		2647
3199		2792		465		91		2643		2734
3199		2441		254		93		2852		2945
3199		2895		512		100		2587		2687
3200		2759		451		88		2661		2749
3201		2119		64		25		3112		3137
3202		2910		516		101		2585		2686
3202		2997		551		112		2539		2651
3202		2566		337		78		2787		2865
3202		2572		338		79		2785		2864
3202		2955		533		106		2563		2669
3202		2762		451		89		2662		2751
3204		2368		212		76		2916		2992
3204		2328		177		72		2955		3027
3210		3832		872		264		2074		2338
3224		3845		878		269		2077		2346
3263		3879		898		276		2089		2365
3416		3990		951		315		2150		2465
3437		3207		498		60		2879		2939
3491		3283		568		86		2837		2923
3510		3224		505		65		2940		3005
3511		3105		424		32		3055		3087
3514		3446		664		134		2716		2850
3569		3306		582		94		2893		2987
3623		3779		842		244		2537		2781
3804		3576		736		179		2889		3068
3879		3145		448		47		3384		3431
4008		3450		668		136		3204		3340
4019		3719		808		224		2987		3211
4067		3476		682		144		3241		3385
4101		3769		840		241		3020		3261
4120		3791		848		248		3024		3272
4139		3799		857		252		3030		3282
4142		3508		702		155		3285		3440
4179		3130		439		41		3699		3740
4249		3566		729		175		3345		3520
4252		3893		905		281		3066		3347
4354		3065		397		21		3936		3957
4396		3645		763		200		3433		3633
4400		3150		450		48		3902		3950
4407		3263		561		79		3767		3846
4452		3284		568		86		3798		3884
4455		3681		791		212		3452		3664
4486		3231		508		67		3911		3978
4506		3729		816		225		3465		3690
4578		3336		594		102		3882		3984
4586		3498		698		151		3737		3888
4628		3531		705		161		3762		3923
4633		3534		708		162		3763		3925
4713		3176		489		52		4172		4224
4793		3951		937		304		3552		3856
4803		3966		939		307		3557		3864
4885		3668		775		207		3903		4110
4951		3456		669		137		4145		4282
4996		3755		822		235		3939		4174
5060		3342		595		105		4360		4465
5091		3818		864		258		3969		4227
5093		3345		598		106		4389		4495
5156		3038		380		11		4765		4776
5211		3581		736		181		4294		4475
5278		3613		749		190		4339		4529
5322		3640		758		199		4365		4564
5328		3256		558		76		4694		4770
5398		3442		664		133		4601		4734
5418		3453		668		137		4613		4750
5481		3477		685		145		4651		4796
5527		3500		698		152		4677		4829
5607		3238		537		71		4999		5070
5655		3891		905		281		4469		4750
5781		3635		757		197		4827		5024
5898		3732		816		226		4856		5082
5913		3308		582		95		5236		5331
5946		3112		436		35		5475		5510
5965		3330		594		100		5271		5371
5968		3492		697		150		5121		5271
6082		3881		898		277		4907		5184
6116		3905		912		285		4919		5204
6117		3908		912		286		4919		5205
6122		3391		618		116		5388		5504
6123		3392		618		117		5388		5505
6169		3405		625		120		5424		5544
6180		3948		937		302		4941		5243
6186		3959		938		306		4942		5248
6203		3067		397		21		5785		5806
6288		3281		568		86		5634		5720
6361		3305		582		93		5686		5779
6375		3313		584		97		5694		5791
6441		3122		438		39		5964		6003
6474		3536		708		163		5603		5766
6546		3884		904		278		5364		5642
6558		3570		731		177		5650		5827
6592		3929		924		296		5372		5668
6626		3956		938		305		5383		5688
6632		3611		749		190		5693		5883
6674		3252		557		75		6042		6117
6755		3704		803		220		5732		5952
6866		3340		595		104		6167		6271
6889		3523		704		159		6026		6185
6895		3826		865		262		5768		6030
6938		3862		885		273		5780		6053
6977		3139		444		43		6490		6533
6982		3565		729		175		6078		6253
7062		3962		939		306		5817		6123
7063		3964		939		307		5817		6124
7068		3970		940		310		5818		6128
7377		3861		884		273		6220		6493
7377		3063		391		21		6965		6986
7442		3916		920		289		6233		6522
7536		3637		757		198		6581		6779
7564		3010		364		3		7197		7200
7630		3451		668		136		6826		6962
7668		3054		388		17		7263		7280
7712		3776		841		243		6628		6871
7767		3526		705		160		6902		7062
7781		3026		372		7		7402		7409
7874		3189		490		55		7329		7384
7897		3141		448		45		7404		7449
7993		3011		364		3		7626		7629
8021		3073		398		24		7599		7623
8037		3691		793		215		7029		7244
8055		3703		803		220		7032		7252
8163		3338		595		103		7465		7568
8218		3356		605		107		7506		7613
8233		3858		884		272		7077		7349
8306		3921		921		292		7093		7385
8351		3961		939		306		7106		7412
8354		3967		940		308		7106		7414
8377		3994		951		316		7110		7426
8402		3652		765		202		7435		7637
8506		3303		582		93		7831		7924
8529		3479		685		145		7699		7844
8612		3830		872		263		7477		7740
8614		3128		439		41		8134		8175
8635		3363		606		109		7920		8029
8715		3188		490		55		8170		8225
8737		3602		743		187		7807		7994
8856		3286		568		87		8201		8288
8963		3767		840		240		7883		8123
8992		3794		856		250		7886		8136
9042		3358		606		107		8329		8436
9083		3383		612		114		8357		8471
9114		3579		736		180		8198		8378
9116		3397		619		118		8379		8497
9121		3917		920		290		7911		8201
9168		3968		940		309		7919		8228
9205		3995		957		318		7930		8248
9259		3674		783		208		8268		8476
9298		3449		668		136		8494		8630
9347		3314		584		97		8666		8763
9587		3202		497		59		9031		9090
9622		3654		765		202		8655		8857
9654		3677		783		209		8662		8871
9681		3696		801		218		8662		8880
9761		3325		590		99		9072		9171
9803		3811		858		255		8690		8945
9807		3512		703		156		8948		9104
9851		3061		391		20		9440		9460
9895		3178		489		52		9354		9406
9917		3578		736		180		9001		9181
10071		3101		424		31		9616		9647
10111		3460		669		139		9303		9442
10360		3935		931		299		9130		9429
10479		3689		793		214		9472		9686
10482		3693		793		215		9474		9689
10499		3454		668		137		9694		9831
10512		3464		670		141		9701		9842
10556		3759		832		238		9486		9724
10661		3232		537		69		10055		10124
10715		3180		489		53		10173		10226
10798		3984		950		313		9535		9848
10822		3649		763		201		9858		10059
10827		3261		561		78		10188		10266
10865		3435		654		132		10079		10211
10904		3718		808		224		9872		10096
10919		3082		403		26		10490		10516
10989		3337		595		103		10291		10394
11011		3521		704		158		10149		10307
11016		3524		704		160		10152		10312
11077		3876		898		275		9904		10179
11138		3598		743		186		10209		10395
11253		3686		791		214		10248		10462
11362		3116		437		37		10888		10925
11394		3813		864		256		10274		10530
11536		3946		937		302		10297		10599
11600		3071		398		23		11179		11202
11602		3213		502		62		11038		11100
11625		3673		783		208		10634		10842
11645		3293		569		89		10987		11076
11701		3470		682		143		10876		11019
11739		3094		407		29		11303		11332
11815		3868		885		274		10656		10930
11847		3039		380		11		11456		11467
11889		3587		741		182		10966		11148
11921		3953		938		304		10679		10983
11952		3409		631		124		11197		11321
12071		3052		388		16		11667		11683
12076		3743		820		230		11026		11256
12085		3310		584		96		11405		11501
12086		3315		584		97		11405		11502
12155		3817		864		257		11034		11291
12162		3349		598		107		11457		11564
12275		3593		742		185		11348		11533
12336		3998		957		319		11060		11379
12345		3206		498		60		11787		11847
12404		3007		363		2		12039		12041
12481		3164		472		50		11959		12009
12555		3353		605		106		11844		11950
12565		3362		606		108		11851		11959
12567		3234		537		70		11960		12030
12568		3236		537		70		11961		12031
12623		3182		489		54		12080		12134
12773		3013		364		4		12405		12409
12816		3015		366		4		12446		12450
12951		3037		380		11		12560		12571
12961		3542		721		167		12073		12240
13007		3399		619		119		12269		12388
13012		3919		921		291		11800		12091
13029		3590		742		183		12104		12287
13042		3607		746		188		12108		12296
13162		3707		803		221		12138		12359
13163		3227		508		65		12590		12655
13166		3709		807		221		12138		12359
13194		3745		820		231		12143		12374
13197		3053		388		17		12792		12809
13238		3780		842		244		12152		12396
13250		3499		698		151		12401		12552
13284		3126		438		41		12805		12846
13346		3885		904		279		12163		12442
13437		3991		951		315		12171		12486
13507		3220		505		64		12938		13002
13509		3102		424		31		13054		13085
13534		3723		812		224		12498		12722
13668		605		305		155		13208		13363
13668		635		327		205		13136		13341
13668		842		460		353		12855		13208
13668		110		64		14		13590		13604
13668		77		44		12		13612		13624
13668		916		483		381		12804		13185
13668		454		235		69		13364		13433
13668		844		460		353		12855		13208
13668		404		207		60		13401		13461
13668		438		233		66		13369		13435
13668		282		153		44		13471		13515
13668		568		283		95		13290		13385
13668		642		329		210		13129		13339
13668		399		202		58		13408		13466
13668		464		237		72		13359		13431
13668		643		329		211		13128		13339
13668		996		524		412		12732		13144
13668		608		305		156		13207		13363
13668		21		14		2		13652		13654
13668		146		86		20		13562		13582
13668		347		191		51		13426		13477
13668		734		377		310		12981		13291
13668		175		94		26		13548		13574
13668		60		42		10		13616		13626
13668		53		26		8		13634		13642
13668		471		240		73		13355		13428
13668		846		460		354		12854		13208
13668		247		122		36		13510		13546
13668		107		64		14		13590		13604
13668		403		207		60		13401		13461
13668		289		157		44		13467		13511
13668		802		438		334		12896		13230
13668		694		356		274		13038		13312
13668		304		166		45		13457		13502
13668		651		330		216		13122		13338
13668		649		330		215		13123		13338
13668		204		106		31		13531		13562
13668		988		520		409		12739		13148
13668		795		432		333		12903		13236
13668		458		236		70		13362		13432
13668		58		42		10		13616		13626
13668		600		303		147		13218		13365
13668		513		267		81		13320		13401
13668		899		479		373		12816		13189
13668		638		327		206		13135		13341
13668		195		104		28		13536		13564
13668		718		363		302		13003		13305
13668		673		345		248		13075		13323
13668		241		121		35		13512		13547
13668		661		344		242		13082		13324
13668		254		125		38		13505		13543
13668		296		164		45		13459		13504
13668		591		293		123		13252		13375
13668		603		303		150		13215		13365
13668		191		104		28		13536		13564
13668		599		303		146		13219		13365
13668		290		157		45		13466		13511
13668		710		361		294		13013		13307
13668		731		377		308		12983		13291
13668		224		114		34		13520		13554
13668		41		24		5		13639		13644
13668		238		117		35		13516		13551
13668		499		262		78		13328		13406
13668		189		99		28		13541		13569
13668		389		201		57		13410		13467
13668		148		86		21		13561		13582
13668		373		198		54		13416		13470
13668		814		443		341		12884		13225
13668		114		69		17		13582		13599
13668		240		121		35		13512		13547
13668		159		89		22		13557		13579
13668		602		303		149		13216		13365
13668		420		224		65		13379		13444
13668		436		233		66		13369		13435
13668		683		354		267		13047		13314
13668		808		440		336		12892		13228
13668		627		326		199		13143		13342
13668		378		198		55		13415		13470
13668		302		164		45		13459		13504
13668		639		329		209		13130		13339
13668		625		326		198		13144		13342
13668		481		254		75		13339		13414
13668		172		94		25		13549		13574
13668		366		195		53		13420		13473
13668		246		121		36		13511		13547
13668		902		479		374		12815		13189
13668		609		305		157		13206		13363
13668		857		463		360		12845		13205
13668		629		326		200		13142		13342
13668		62		42		11		13615		13626
13668		308		166		46		13456		13502
13668		797		432		334		12902		13236
13668		747		381		312		12975		13287
13668		145		86		20		13562		13582
13668		939		489		389		12790		13179
13668		410		222		63		13383		13446
13668		504		262		79		13327		13406
13668		251		122		37		13509		13546
13668		519		267		82		13319		13401
13668		56		26		9		13633		13642
13668		553		280		84		13304		13388
13668		205		111		31		13526		13557
13668		921		485		383		12800		13183
13668		38		24		5		13639		13644
13668		607		305		155		13208		13363
13668		433		227		67		13374		13441
13668		832		447		350		12871		13221
13668		397		202		58		13408		13466
13668		966		506		399		12763		13162
13668		338		189		49		13430		13479
13668		449		234		68		13366		13434
13668		287		153		44		13471		13515
13668		760		387		322		12959		13281
13668		171		94		25		13549		13574
13668		392		201		57		13410		13467
13668		881		473		367		12828		13195
13668		30		18		5		13645		13650
13668		913		483		380		12805		13185
13668		208		111		32		13525		13557
13668		160		89		22		13557		13579
13668		321		178		47		13443		13490
13668		716		363		301		13004		13305
13668		750		381		314		12973		13287
13668		388		201		57		13410		13467
13668		634		327		204		13137		13341
13668		582		290		112		13266		13378
13668		368		195		53		13420		13473
13668		57		26		9		13633		13642
13668		805		438		335		12895		13230
13668		882		473		367		12828		13195
13668		552		280		83		13305		13388
13668		507		266		80		13322		13402
13668		307		166		46		13456		13502
13668		344		189		50		13429		13479
13668		478		254		74		13340		13414
13668		463		236		70		13362		13432
13668		506		266		80		13322		13402
13668		512		266		81		13321		13402
13668		68		43		11		13614		13625
13668		721		363		303		13002		13305
13668		184		99		26		13543		13569
13668		839		456		350		12862		13212
13668		429		227		66		13375		13441
13668		752		385		316		12967		13283
13668		501		262		78		13328		13406
13668		295		157		45		13466		13511
13668		134		78		21		13569		13590
13668		440		233		67		13368		13435
13668		781		425		328		12915		13243
13668		860		463		362		12843		13205
13668		517		267		82		13319		13401
13668		182		95		27		13546		13573
13668		233		117		34		13517		13551
13668		70		43		11		13614		13625
13668		779		425		326		12917		13243
13668		154		87		22		13559		13581
13668		55		26		8		13634		13642
13668		755		385		318		12965		13283
13668		619		314		179		13175		13354
13668		645		329		213		13126		13339
13668		792		430		332		12906		13238
13668		383		199		56		13413		13469
13668		151		87		21		13560		13581
13668		360		193		52		13423		13475
13668		735		377		310		12981		13291
13668		257		125		39		13504		13543
13668		44		25		6		13637		13643
13668		468		237		73		13358		13431
13668		594		293		125		13250		13375
13668		686		354		268		13046		13314
13668		27		16		4		13648		13652
13668		713		361		296		13011		13307
13668		948		502		394		12772		13166
13668		786		430		330		12908		13238
13668		570		289		105		13274		13379
13668		20		14		2		13652		13654
13668		807		440		335		12893		13228
13668		575		289		107		13272		13379
13668		812		440		339		12889		13228
13668		676		346		250		13072		13322
13668		699		358		281		13029		13310
13668		773		399		326		12943		13269
13668		376		198		55		13415		13470
13668		477		240		73		13355		13428
13668		965		506		399		12763		13162
13668		748		381		313		12974		13287
13668		223		114		34		13520		13554
13668		33		18		6		13644		13650
13668		474		240		73		13355		13428
13668		876		472		366		12830		13196
13668		185		99		27		13542		13569
13668		180		95		27		13546		13573
13668		387		201		56		13411		13467
13668		622		314		179		13175		13354
13668		637		327		205		13136		13341
13668		214		112		33		13523		13556
13668		958		504		398		12766		13164
13668		443		234		68		13366		13434
13668		800		438		333		12897		13230
13668		653		336		226		13106		13332
13668		953		502		396		12770		13166
13668		457		236		70		13362		13432
13668		363		193		53		13422		13475
13668		117		69		18		13581		13599
13668		284		153		44		13471		13515
13668		930		487		386		12795		13181
13668		701		358		282		13028		13310
13668		235		117		35		13516		13551
13668		375		198		54		13416		13470
13668		983		520		408		12740		13148
13668		349		191		51		13426		13477
13668		666		344		244		13080		13324
13668		679		346		251		13071		13322
13668		834		447		350		12871		13221
13668		892		477		371		12820		13191
13668		92		48		14		13606		13620
13668		170		94		25		13549		13574
13668		382		199		56		13413		13469
13668		536		274		83		13311		13394
13668		419		224		65		13379		13444
13668		784		425		330		12913		13243
13668		253		122		38		13508		13546
13668		101		58		14		13596		13610
13668		920		485		382		12801		13183
13668		87		48		13		13607		13620
13668		763		387		322		12959		13281
13668		244		121		36		13511		13547
13668		260		125		40		13503		13543
13668		371		195		54		13419		13473
13668		529		272		82		13314		13396
13668		385		199		56		13413		13469
13668		196		104		28		13536		13564
13668		1000		524		413		12731		13144
13668		470		237		73		13358		13431
13668		972		507		401		12760		13161
13668		697		358		280		13030		13310
13668		48		25		7		13636		13643
13668		401		207		60		13401		13461
13668		243		121		35		13512		13547
13668		783		425		329		12914		13243
13668		829		447		349		12872		13221
13668		831		447		1131		12090		13221
13668		559		281		87		13300		13387
13668		406		207		61		13400		13461
13668		293		157		45		13466		13511
13668		49		25		7		13636		13643
13668		365		193		54		13421		13475
13668		335		186		49		13433		13482
13668		864		465		364		12839		13203
13668		865		465		365		12838		13203
13668		758		387		320		12961		13281
13668		201		106		30		13532		13562
13668		434		227		67		13374		13441
13668		688		356		273		13039		13312
13668		893		477		371		12820		13191
13668		106		58		14		13596		13610
13668		515		267		81		13320		13401
13668		543		277		83		13308		13391
13668		314		172		46		13450		13496
13668		777		399		327		12942		13269
13668		871		472		365		12831		13196
13668		849		462		355		12851		13206
13668		524		271		82		13315		13397
13668		674		346		250		13072		13322
13668		461		236		70		13362		13432
13668		217		112		34		13522		13556
13668		532		272		82		13314		13396
13668		510		266		81		13321		13402
13668		188		99		27		13542		13569
13668		819		443		343		12882		13225
13668		46		25		7		13636		13643
13668		431		227		66		13375		13441
13668		503		262		79		13327		13406
13668		617		309		170		13189		13359
13668		717		363		302		13003		13305
13668		539		274		83		13311		13394
13668		456		235		70		13363		13433
13668		692		356		274		13038		13312
13668		129		78		21		13569		13590
13668		396		202		58		13408		13466
13668		810		440		337		12891		13228
13668		104		58		14		13596		13610
13668		749		381		313		12974		13287
13668		980		518		406		12744		13150
13668		741		379		312		12977		13289
13668		618		314		178		13176		13354
13668		757		385		319		12964		13283
13668		292		157		45		13466		13511
13668		746		381		312		12975		13287
13668		641		329		209		13130		13339
13668		237		117		35		13516		13551
13668		328		182		49		13437		13486
13668		250		122		37		13509		13546
13668		824		445		345		12878		13223
13668		994		522		410		12736		13146
13668		270		146		40		13482		13522
13668		998		524		413		12731		13144
13668		150		87		21		13560		13581
13668		487		255		76		13337		13413
13668		67		43		11		13614		13625
13668		874		472		366		12830		13196
13668		942		490		389		12789		13178
13668		785		425		330		12913		13243
13668		407		207		61		13400		13461
13668		17		14		2		13652		13654
13668		801		438		333		12897		13230
13668		894		477		372		12819		13191
13668		286		153		44		13471		13515
13668		210		111		33		13524		13557
13668		231		115		35		13518		13553
13668		413		222		64		13382		13446
13668		729		370		308		12990		13298
13668		975		518		404		12746		13150
13668		199		106		30		13532		13562
13668		249		122		37		13509		13546
13668		732		377		308		12983		13291
13668		381		199		56		13413		13469
13668		72		44		11		13613		13624
13668		526		271		82		13315		13397
13668		412		222		64		13382		13446
13668		904		479		376		12813		13189
13668		854		462		357		12849		13206
13668		460		236		70		13362		13432
13668		567		283		94		13291		13385
13668		509		266		80		13322		13402
13668		811		440		338		12890		13228
13668		664		344		243		13081		13324
13668		652		330		217		13121		13338
13668		467		237		72		13359		13431
13668		350		191		51		13426		13477
13668		466		237		72		13359		13431
13668		613		309		167		13192		13359
13668		516		267		82		13319		13401
13668		974		507		402		12759		13161
13668		816		443		342		12883		13225
13668		416		224		65		13379		13444
13668		89		48		13		13607		13620
13668		918		483		382		12803		13185
13668		682		354		266		13048		13314
13668		573		289		106		13273		13379
13668		581		290		112		13266		13378
13668		90		48		14		13606		13620
13668		922		485		383		12800		13183
13668		546		277		84		13307		13391
13668		768		394		323		12951		13274
13668		119		69		18		13581		13599
13668		280		151		43		13474		13517
13668		743		379		312		12977		13289
13668		505		262		79		13327		13406
13668		216		112		33		13523		13556
13668		131		78		21		13569		13590
13668		142		86		20		13562		13582
13668		715		361		296		13011		13307
13668		932		487		387		12794		13181
13668		273		146		40		13482		13522
13668		938		489		388		12791		13179
13668		596		293		126		13249		13375
13668		601		303		148		13217		13365
13668		910		482		378		12808		13186
13668		422		225		65		13378		13443
13668		866		465		365		12838		13203
13668		545		277		83		13308		13391
13668		759		387		321		12960		13281
13668		323		178		47		13443		13490
13668		306		166		45		13457		13502
13668		950		502		395		12771		13166
13668		81		46		13		13609		13622
13668		873		472		365		12831		13196
13668		239		117		35		13516		13551
13668		771		394		325		12949		13274
13668		132		78		21		13569		13590
13668		367		195		53		13420		13473
13668		675		346		250		13072		13322
13668		50		25		8		13635		13643
13668		263		145		40		13483		13523
13668		43		24		6		13638		13644
13668		798		432		334		12902		13236
13668		583		292		118		13258		13376
13668		427		225		65		13378		13443
13668		490		255		76		13337		13413
13668		672		345		247		13076		13323
13668		566		283		93		13292		13385
13668		707		360		289		13019		13308
13668		951		502		395		12771		13166
13668		985		520		409		12739		13148
13668		94		55		13		13600		13613
13668		337		186		50		13432		13482
13668		288		153		45		13470		13515
13668		989		522		409		12737		13146
13668		889		474		371		12823		13194
13668		884		474		368		12826		13194
13668		272		146		40		13482		13522
13668		538		274		83		13311		13394
13668		275		151		42		13475		13517
13668		136		85		19		13564		13583
13668		687		354		268		13046		13314
13668		580		290		112		13266		13378
13668		226		115		34		13519		13553
13668		435		227		67		13374		13441
13668		357		192		52		13424		13476
13668		531		272		82		13314		13396
13668		702		360		286		13022		13308
13668		825		445		345		12878		13223
13668		492		260		77		13331		13408
13668		572		289		106		13273		13379
13668		497		260		78		13330		13408
13668		730		377		307		12984		13291
13668		167		90		23		13555		13578
13668		671		345		246		13077		13323
13668		66		43		11		13614		13625
13668		352		192		51		13425		13476
13668		22		14		2		13652		13654
13668		99		55		14		13599		13613
13668		841		456		351		12861		13212
13668		663		344		242		13082		13324
13668		103		58		14		13596		13610
13668		141		85		20		13563		13583
13668		520		271		82		13315		13397
13668		283		153		44		13471		13515
13668		225		114		34		13520		13554
13668		330		182		49		13437		13486
13668		8		7		0		13661		13661
13668		905		482		376		12810		13186
13668		220		114		34		13520		13554
13668		179		95		26		13547		13573
13668		10		13		1		13654		13655
13668		35		18		6		13644		13650
13668		561		281		87		13300		13387
13668		726		370		306		12992		13298
13668		69		43		11		13614		13625
13668		3		7		0		13661		13661
13668		588		292		121		13255		13376
13668		112		64		15		13589		13604
13668		489		255		76		13337		13413
13668		960		504		398		12766		13164
13668		312		172		46		13450		13496
13668		636		327		205		13136		13341
13668		862		463		363		12842		13205
13668		827		445		347		12876		13223
13668		937		489		387		12792		13179
13668		193		104		28		13536		13564
13668		483		254		75		13339		13414
13668		122		75		19		13574		13593
13668		29		16		4		13648		13652
13668		316		172		46		13450		13496
13668		147		86		20		13562		13582
13668		943		490		390		12788		13178
13668		745		381		312		12975		13287
13668		997		524		412		12732		13144
13668		421		224		65		13379		13444
13668		402		207		60		13401		13461
13668		656		336		227		13105		13332
13668		739		379		311		12978		13289
13668		485		255		75		13338		13413
13668		234		117		35		13516		13551
13668		727		370		307		12991		13298
13668		319		178		47		13443		13490
13668		127		75		20		13573		13593
13668		155		87		22		13559		13581
13668		45		25		7		13636		13643
13668		769		394		324		12950		13274
13668		405		207		60		13401		13461
13668		15		13		1		13654		13655
13668		212		112		33		13523		13556
13668		853		462		356		12850		13206
13668		500		262		78		13328		13406
13668		408		222		63		13383		13446
13668		830		447		349		12872		13221
13668		430		227		66		13375		13441
13668		25		16		4		13648		13652
13668		685		354		267		13047		13314
13668		956		504		397		12767		13164
13668		452		235		69		13364		13433
13668		333		186		49		13433		13482
13668		668		345		245		13078		13323
13668		780		425		327		12916		13243
13668		326		182		49		13437		13486
13668		557		281		86		13301		13387
13668		51		26		7		13635		13642
13668		934		489		386		12793		13179
13668		577		290		110		13268		13378
13668		168		90		23		13555		13578
13668		541		277		83		13308		13391
13668		928		487		386		12795		13181
13668		623		314		180		13174		13354
13668		230		115		35		13518		13553
13668		925		485		385		12798		13183
13668		970		507		400		12761		13161
13668		123		75		19		13574		13593
13668		268		146		40		13482		13522
13668		258		125		39		13504		13543
13668		164		90		23		13555		13578
13668		869		465		366		12837		13203
13668		527		272		82		13314		13396
13668		909		482		378		12808		13186
13668		897		477		373		12818		13191
13668		744		381		311		12976		13287
13668		475		240		73		13355		13428
13668		4		7		0		13661		13661
13668		11		13		1		13654		13655
13668		534		274		83		13311		13394
13668		946		490		391		12787		13178
13668		837		456		350		12862		13212
13668		563		283		92		13293		13385
13668		75		44		12		13612		13624
13668		393		201		57		13410		13467
13668		176		94		26		13548		13574
13668		614		309		168		13191		13359
13668		149		87		21		13560		13581
13668		935		489		387		12792		13179
13668		522		271		82		13315		13397
13668		888		474		370		12824		13194
13668		993		522		410		12736		13146
13668		311		172		46		13450		13496
13668		564		283		92		13293		13385
13668		669		345		246		13077		13323
13668		279		151		43		13474		13517
13668		659		336		229		13103		13332
13668		309		166		46		13456		13502
13668		833		447		350		12871		13221
13668		137		85		20		13563		13583
13668		80		46		12		13610		13622
13668		42		24		6		13638		13644
13668		197		104		28		13536		13564
13668		578		290		111		13267		13378
13668		587		292		120		13256		13376
13668		496		260		78		13330		13408
13668		394		202		58		13408		13466
13668		706		360		288		13020		13308
13668		698		358		280		13030		13310
13668		95		55		14		13599		13613
13668		903		479		375		12814		13189
13668		426		225		65		13378		13443
13668		610		305		157		13206		13363
13668		852		462		356		12850		13206
13668		262		145		39		13484		13523
13668		644		329		212		13127		13339
13668		5		7		0		13661		13661
13668		979		518		406		12744		13150
13668		356		192		52		13424		13476
13668		276		151		42		13475		13517
13668		714		361		296		13011		13307
13668		756		385		319		12964		13283
13668		493		260		77		13331		13408
13668		202		106		30		13532		13562
13668		200		106		30		13532		13562
13668		695		358		279		13031		13310
13668		96		55		14		13599		13613
13668		209		111		32		13525		13557
13668		177		95		26		13547		13573
13668		395		202		58		13408		13466
13668		906		482		377		12809		13186
13668		232		115		35		13518		13553
13668		379		198		55		13415		13470
13668		646		330		214		13124		13338
13668		990		522		409		12737		13146
13668		845		460		353		12855		13208
13668		976		518		405		12745		13150
13668		61		42		11		13615		13626
13668		885		474		368		12826		13194
13668		708		360		290		13018		13308
13668		738		379		311		12978		13289
13668		138		85		20		13563		13583
13668		24		16		3		13649		13652
13668		12		13		1		13654		13655
13668		364		193		53		13422		13475
13668		796		432		333		12903		13236
13668		550		280		83		13305		13388
13668		584		292		119		13257		13376
13668		415		224		64		13380		13444
13668		447		234		68		13366		13434
13668		124		75		20		13573		13593
13668		879		473		366		12829		13195
13668		589		292		122		13254		13376
13668		84		46		13		13609		13622
13668		118		69		18		13581		13599
13668		514		267		81		13320		13401
13668		890		474		371		12823		13194
13668		423		225		65		13378		13443
13668		822		445		344		12879		13223
13668		700		358		282		13028		13310
13668		353		192		51		13425		13476
13668		161		89		22		13557		13579
13668		16		14		1		13653		13654
13668		227		115		34		13519		13553
13668		556		281		86		13301		13387
13668		766		394		323		12951		13274
13668		428		225		66		13377		13443
13668		178		95		26		13547		13573
13668		917		483		382		12803		13185
13668		318		178		46		13444		13490
13668		850		462		355		12851		13206
13668		300		164		45		13459		13504
13668		908		482		377		12809		13186
13668		281		151		43		13474		13517
13668		358		192		52		13424		13476
13668		465		237		72		13359		13431
13668		348		191		51		13426		13477
13668		855		462		358		12848		13206
13668		790		430		331		12907		13238
13668		219		114		34		13520		13554
13668		703		360		287		13021		13308
13668		981		518		407		12743		13150
13668		736		377		311		12980		13291
13668		325		182		48		13438		13486
13668		724		370		305		12993		13298
13668		927		487		386		12795		13181
13668		689		356		273		13039		13312
13668		342		189		49		13430		13479
13668		111		64		14		13590		13604
13668		955		504		397		12767		13164
13668		595		293		125		13250		13375
13668		858		463		361		12844		13205
13668		969		507		399		12762		13161
13668		995		522		411		12735		13146
13668		963		506		398		12764		13162
13668		628		326		200		13142		13342
13668		380		199		56		13413		13469
13668		911		482		379		12807		13186
13668		616		309		169		13190		13359
13668		76		44		12		13612		13624
13668		479		254		74		13340		13414
13668		914		483		381		12804		13185
13668		186		99		27		13542		13569
13668		355		192		125		13351		13476
13668		498		260		78		13330		13408
13668		765		394		322		12952		13274
13668		984		520		408		12740		13148
13668		647		330		215		13123		13338
13668		861		463		362		12843		13205
13668		34		18		6		13644		13650
13668		332		186		49		13433		13482
13668		482		254		75		13339		13414
13668		586		292		120		13256		13376
13668		658		336		228		13104		13332
13668		836		456		349		12863		13212
13668		39		24		5		13639		13644
13668		361		193		52		13423		13475
13668		592		293		124		13251		13375
13668		847		460		355		12853		13208
13668		723		370		305		12993		13298
13668		770		394		324		12950		13274
13668		37		24		4		13640		13644
13668		900		479		373		12816		13189
13668		887		474		369		12825		13194
13668		390		201		57		13410		13467
13668		31		18		5		13645		13650
13668		775		399		327		12942		13269
13668		444		234		68		13366		13434
13668		787		430		330		12908		13238
13668		425		225		65		13378		13443
13668		162		89		23		13556		13579
13668		978		518		405		12745		13150
13668		826		445		346		12877		13223
13668		728		370		307		12991		13298
13668		711		361		295		13012		13307
13668		705		360		288		13020		13308
13668		229		115		34		13519		13553
13668		74		44		11		13613		13624
13668		828		447		348		12873		13221
13668		593		293		125		13250		13375
13668		206		111		32		13525		13557
13668		278		151		42		13475		13517
13668		32		18		6		13644		13650
13668		248		122		37		13509		13546
13668		817		443		342		12883		13225
13668		441		233		67		13368		13435
13668		266		145		40		13483		13523
13668		992		522		410		12736		13146
13668		848		460		355		12853		13208
13668		751		385		315		12968		13283
13668		303		166		45		13457		13502
13668		809		440		337		12891		13228
13668		439		233		67		13368		13435
13668		901		479		374		12815		13189
13668		733		377		309		12982		13291
13668		198		106		29		13533		13562
13668		495		260		77		13331		13408
13668		157		89		22		13557		13579
13668		173		94		25		13549		13574
13668		631		326		202		13140		13342
13668		912		483		379		12806		13185
13668		64		42		11		13615		13626
13668		52		26		8		13634		13642
13668		630		326		201		13141		13342
13668		63		42		11		13615		13626
13668		362		193		53		13422		13475
13668		590		293		122		13253		13375
13668		359		193		52		13423		13475
13668		472		240		73		13355		13428
13668		856		463		360		12845		13205
13668		898		479		372		12817		13189
13668		753		385		316		12967		13283
13668		255		125		39		13504		13543
13668		620		314		179		13175		13354
13668		115		69		17		13582		13599
13668		657		336		228		13104		13332
13668		40		24		5		13639		13644
13668		604		305		154		13209		13363
13668		108		64		14		13590		13604
13668		896		477		372		12819		13191
13668		453		235		69		13364		13433
13668		709		361		293		13014		13307
13668		915		483		381		12804		13185
13668		820		443		343		12882		13225
13668		442		233		67		13368		13435
13668		924		485		384		12799		13183
13668		712		361		295		13012		13307
13668		297		164		45		13459		13504
13668		859		463		361		12844		13205
13668		339		189		49		13430		13479
13668		165		90		23		13555		13578
13668		754		385		317		12966		13283
13668		203		106		31		13531		13562
13668		982		520		408		12740		13148
13668		116		69		17		13582		13599
13668		611		309		166		13193		13359
13668		868		465		366		12837		13203
13668		451		235		69		13364		13433
13668		480		254		74		13340		13414
13668		109		64		14		13590		13604
13668		207		111		32		13525		13557
13668		999		524		0		13144		13144
13668		991		522		0		13146		13146
13668		977		518		0		13150		13150
13668		973		507		0		13161		13161
13668		971		507		0		13161		13161
13668		964		506		0		13162		13162
13668		961		506		0		13162		13162
13668		959		504		0		13164		13164
13668		957		504		0		13164		13164
13668		952		502		0		13166		13166
13668		949		502		0		13166		13166
13668		944		490		0		13178		13178
13668		947		502		100		13066		13166
13668		941		490		0		13178		13178
13668		940		490		0		13178		13178
13668		936		489		0		13179		13179
13668		933		489		0		13179		13179
13668		931		487		0		13181		13181
13668		929		487		0		13181		13181
13668		923		485		0		13183		13183
13668		919		485		0		13183		13183
13668		907		482		0		13186		13186
13668		895		477		0		13191		13191
13668		891		477		0		13191		13191
13668		886		474		0		13194		13194
13668		880		473		0		13195		13195
13668		877		473		0		13195		13195
13668		875		472		0		13196		13196
13668		872		472		302		12894		13196
13668		870		472		317		12879		13196
13668		867		465		0		13203		13203
13668		863		465		0		13203		13203
13668		851		462		0		13206		13206
13668		840		456		1		13211		13212
13668		815		443		0		13225		13225
13668		838		456		2		13210		13212
13668		813		440		0		13228		13228
13668		791		430		0		13238		13238
13668		806		438		0		13230		13230
13668		793		432		5		13231		13236
13668		788		430		0		13238		13238
13668		782		425		0		13243		13243
13668		772		399		3		13266		13269
13668		767		394		0		13274		13274
13668		764		387		0		13281		13281
13668		742		379		0		13289		13289
13668		725		370		0		13298		13298
13668		740		379		0		13289		13289
13668		704		360		0		13308		13308
13668		722		363		0		13305		13305
13668		691		356		0		13312		13312
13668		693		356		0		13312		13312
13668		681		354		0		13314		13314
13668		690		356		0		13312		13312
13668		684		354		0		13314		13314
13668		670		345		0		13323		13323
13668		680		346		0		13322		13322
13668		667		345		0		13323		13323
13668		665		344		0		13324		13324
13668		662		344		0		13324		13324
13668		660		344		692		12632		13324
13668		654		336		0		13332		13332
13668		612		309		0		13359		13359
13668		650		330		0		13338		13338
13668		576		290		0		13378		13378
13668		574		289		0		13379		13379
13668		571		289		0		13379		13379
13668		569		289		800		12579		13379
13668		565		283		0		13385		13385
13668		562		283		0		13385		13385
13668		551		280		0		13388		13388
13668		558		281		0		13387		13387
13668		560		281		0		13387		13387
13668		548		280		0		13388		13388
13668		547		277		0		13391		13391
13668		544		277		0		13391		13391
13668		542		277		887		12504		13391
13668		540		274		0		13394		13394
13668		535		274		1		13393		13394
13668		537		274		0		13394		13394
13668		533		272		0		13396		13396
13668		528		272		943		12453		13396
13668		530		272		0		13396		13396
13668		525		271		0		13397		13397
13668		521		271		970		12427		13397
13668		518		267		0		13401		13401
13668		511		266		0		13402		13402
13668		502		262		0		13406		13406
13668		494		260		0		13408		13408
13668		491		255		0		13413		13413
13668		473		240		2		13426		13428
13668		488		255		0		13413		13413
13668		486		255		0		13413		13413
13668		469		237		0		13431		13431
13668		462		236		0		13432		13432
13668		448		234		0		13434		13434
13668		450		235		0		13433		13433
13668		432		227		0		13441		13441
13668		445		234		0		13434		13434
13668		424		225		0		13443		13443
13668		414		222		0		13446		13446
13668		384		199		0		13469		13469
13668		409		222		1113		12333		13446
13668		411		222		1111		12335		13446
13668		377		198		0		13470		13470
13668		354		192		0		13476		13476
13668		351		191		0		13477		13477
13668		346		191		0		13477		13477
13668		372		195		0		13473		13473
13668		343		189		0		13479		13479
13668		340		189		0		13479		13479
13668		345		191		1183		12294		13477
13668		336		186		0		13482		13482
13668		334		186		0		13482		13482
13668		329		182		0		13486		13486
13668		327		182		0		13486		13486
13668		322		178		0		13490		13490
13668		320		178		0		13490		13490
13668		301		164		0		13504		13504
13668		315		172		0		13496		13496
13668		313		172		0		13496		13496
13668		298		164		0		13504		13504
13668		294		157		0		13511		13511
13668		285		153		0		13515		13515
13668		277		151		0		13517		13517
13668		274		146		0		13522		13522
13668		259		125		0		13543		13543
13668		271		146		0		13522		13522
13668		269		146		1		13521		13522
13668		252		122		0		13546		13546
13668		236		117		0		13551		13551
13668		245		121		0		13547		13547
13668		228		115		0		13553		13553
13668		218		112		0		13556		13556
13668		194		104		0		13564		13564
13668		192		104		0		13564		13564
13668		213		112		1423		12133		13556
13668		215		112		0		13556		13556
13668		174		94		0		13574		13574
13668		190		99		0		13569		13569
13668		187		99		1		13568		13569
13668		163		90		1		13577		13578
13668		166		90		0		13578		13578
13668		158		89		0		13579		13579
13668		156		89		0		13579		13579
13668		153		87		0		13581		13581
13668		140		85		0		13583		13583
13668		152		87		0		13581		13581
13668		135		85		1527		12056		13583
13668		139		85		1		13582		13583
13668		133		78		0		13590		13590
13668		128		78		1549		12041		13590
13668		130		78		0		13590		13590
13668		126		75		0		13593		13593
13668		121		75		1580		12013		13593
13668		125		75		0		13593		13593
13668		102		58		1		13609		13610
13668		100		58		2		13608		13610
13668		98		55		0		13613		13613
13668		93		55		1635		11978		13613
13668		97		55		0		13613		13613
13668		91		48		0		13620		13620
13668		86		48		1659		11961		13620
13668		88		48		0		13620		13620
13668		73		44		0		13624		13624
13668		28		16		0		13652		13652
13668		71		43		0		13625		13625
13668		65		43		0		13625		13625
13668		26		16		0		13652		13652
13668		14		13		0		13655		13655
13668		9		13		0		13655		13655
13668		13		13		0		13655		13655
13668		7		7		0		13661		13661
13668		2		7		1765		11896		13661
13668		6		7		0		13661		13661

Battle result: Loss

For Earth Army:
	Total ES: 722	Total ET: 190	Total EG: 55	Total HU: 32
	DeadES/TotalES: 100.00%		DeadET/TotalET: 100.00%		DeadEG/TotalEG: 100.00%		DeadHU/TotalHU: 100.00%
	DeadEarthUnits/TotalEarthUnits: 100.00%
	Average Df: 139.11		Average Dd: 11934.27		Average Db: 12073.38
	Df/Db: 1.15%		Dd/Db: 98.85%

For Alien Army:
	Total AS: 770	Total AM: 179	Total AD: 51
	DeadAS/TotalAS: 100.00%		DeadAM/TotalAM: 83.24%		DeadAD/TotalAD: 31.37%
	DeadAlienUnits/TotalAlienUnits: 93.50%
	Average Df: 60.65		Average Dd: 1642.55		Average Db: 1703.21
	Df/Db: 3.56%		Dd/Db: 96.44%

HealedUnits/TotalEarthUnits: 5.01%

InfectedSoldier/TotalEarthSoldiers: 67.73%
