32		2009		21		3		8		11
34		2004		6		0		28		28
37		2013		21		0		16		16
40		33		19		21		0		21
48		80		48		0		0		0
55		2024		34		0		21		21
67		2031		37		0		30		30
71		2058		50		1		20		21
71		2016		31		0		40		40
80		2036		40		0		40		40
81		2045		42		0		39		39
86		68		35		0		51		51
96		193		86		10		0		10
116		44		24		0		92		92
118		52		25		0		93		93
121		132		64		0		57		57
122		191		86		0		36		36
122		199		99		0		23		23
122		2077		59		0		63		63
122		146		66		0		56		56
123		118		62		0		61		61
123		11		6		15		102		117
123		20		10		39		74		113
124		203		99		0		25		25
124		184		85		0		39		39
124		65		35		0		89		89
124		230		114		0		10		10
125		76		41		9		75		84
125		35		19		39		67		106
125		93		52		32		41		73
125		6		3		70		52		122
126		43		20		1		105		106
131		2105		72		0		59		59
137		2070		51		0		86		86
138		2218		126		0		12		12
153		2198		110		1		42		43
154		2107		82		0		72		72
157		2156		104		0		53		53
157		2114		83		0		74		74
162		263		139		23		0		23
168		243		122		46		0		46
170		329		170		0		0		0
178		341		178		0		0		0
185		2177		107		0		78		78
203		2190		109		2		92		94
204		2135		98		0		106		106
207		2050		49		0		158		158
208		2169		106		1		101		102
211		319		151		0		60		60
212		2126		84		5		123		128
247		2281		158		3		86		89
268		2309		162		0		106		106
272		2189		108		0		164		164
282		2288		159		4		119		123
289		582		281		8		0		8
290		549		268		22		0		22
291		442		225		66		0		66
292		407		211		81		0		81
299		603		299		0		0		0
312		2210		111		1		200		201
317		580		281		0		36		36
317		577		281		0		36		36
322		637		317		5		0		5
324		2267		156		2		166		168
335		2339		175		0		160		160
336		2168		105		0		231		231
336		2260		155		1		180		181
339		291		143		8		188		196
340		287		142		0		198		198
342		531		255		0		87		87
343		517		253		0		90		90
343		630		313		0		30		30
349		3		3		3		343		346
349		648		322		0		27		27
353		2387		201		4		148		152
355		314		150		27		178		205
358		2295		160		8		190		198
358		604		301		0		57		57
359		292		143		2		214		216
360		2330		173		0		187		187
361		371		197		0		164		164
361		464		233		3		125		128
361		476		238		0		123		123
362		280		141		0		221		221
362		453		227		0		135		135
362		306		147		73		142		215
362		335		174		3		185		188
363		667		345		0		18		18
363		304		147		98		118		216
363		490		246		0		117		117
363		376		198		3		162		165
364		666		344		0		20		20
364		348		184		15		165		180
364		251		128		0		236		236
364		617		305		0		59		59
365		643		321		0		44		44
365		249		128		0		237		237
365		566		274		0		91		91
365		448		226		0		139		139
366		324		170		2		194		196
366		632		317		0		49		49
366		309		147		36		183		219
366		653		340		0		26		26
367		286		142		0		225		225
367		298		144		30		193		223
367		387		203		30		134		164
367		356		188		0		179		179
368		503		251		0		117		117
380		720		372		0		8		8
393		2274		157		2		234		236
404		771		396		8		0		8
405		759		394		11		0		11
405		755		393		0		12		12
406		739		385		21		0		21
406		751		393		3		10		13
406		709		368		0		38		38
407		714		368		39		0		39
407		730		382		0		25		25
408		675		349		59		0		59
418		2302		161		3		254		257
420		776		413		0		7		7
427		769		396		0		31		31
427		766		396		0		31		31
427		737		385		0		42		42
427		754		393		0		34		34
431		813		427		4		0		4
433		820		433		0		0		0
434		805		426		0		8		8
438		793		422		0		16		16
439		832		439		0		0		0
445		2408		208		20		217		237
458		2212		119		4		335		339
478		796		422		0		56		56
478		810		427		0		51		51
478		855		449		0		29		29
478		872		478		0		0		0
479		2092		65		1		413		414
481		2994		424		0		57		57
485		2996		429		0		56		56
499		2379		200		0		299		299
507		2586		263		2		242		244
519		2449		217		3		299		302
520		2469		219		0		301		301
524		2984		421		1		102		103
524		2723		312		5		207		212
539		2540		243		2		294		296
540		2513		231		6		303		309
544		2673		298		0		246		246
553		14		6		1		546		547
553		13		6		1		546		547
553		849		449		0		104		104
553		835		442		0		111		111
553		951		524		0		29		29
553		942		514		0		39		39
554		2555		245		15		294		309
556		2976		418		0		138		138
558		2863		361		36		161		197
559		2132		95		0		464		464
562		2457		218		2		342		344
567		2638		293		1		273		274
570		982		555		15		0		15
571		980		553		18		0		18
572		976		553		19		0		19
573		2470		220		1		352		353
590		2547		244		1		345		346
591		2813		353		1		237		238
592		2842		358		8		226		234
593		2478		221		1		371		372
593		2971		411		2		180		182
597		2378		199		12		386		398
601		2967		411		120		70		190
617		2399		202		5		410		415
624		2085		63		0		561		561
638		2715		311		8		319		327
652		2960		404		0		248		248
656		2421		210		6		440		446
667		2800		351		0		316		316
668		2743		320		5		343		348
684		2855		360		10		314		324
689		2694		306		15		368		383
691		2660		296		52		343		395
697		2926		389		32		276		308
702		2652		295		14		393		407
720		988		555		41		124		165
720		847		448		0		272		272
721		927		509		0		212		212
721		987		555		0		166		166
722		887		491		0		231		231
722		950		524		14		184		198
722		933		513		0		209		209
723		984		555		70		98		168
723		842		448		2		273		275
723		828		439		0		284		284
723		931		509		0		214		214
724		954		535		19		170		189
724		986		555		64		105		169
724		841		442		0		282		282
724		997		558		0		166		166
725		857		466		0		259		259
725		891		493		170		62		232
725		945		514		11		200		211
725		1000		558		0		167		167
725		956		535		102		88		190
726		974		552		0		174		174
726		994		556		45		125		170
740		2358		192		0		548		548
741		2821		354		13		374		387
764		2995		429		19		316		335
769		2525		232		0		537		537
789		2714		310		4		475		479
794		2897		378		28		388		416
801		2436		215		0		586		586
818		2420		209		2		607		609
826		2490		222		2		602		604
831		2890		377		8		446		454
835		2511		228		3		604		607
866		2448		216		29		621		650
871		2757		326		24		521		545
884		2651		294		0		590		590
903		2672		297		26		580		606
917		2148		103		2		812		814
919		3008		916		3		0		3
920		2933		390		20		510		530
934		3018		918		6		10		16
938		2739		318		8		612		620
940		2876		371		37		532		569
961		2692		305		10		646		656
964		2078		61		0		903		903
964		3021		918		7		39		46
977		3085		942		35		0		35
980		2326		171		15		794		809
981		2983		421		10		550		560
981		3040		929		14		38		52
984		2347		186		5		793		798
986		2919		388		6		592		598
996		2599		272		36		688		724
1010		2792		350		4		656		660
1011		3123		963		48		0		48
1012		3126		963		49		0		49
1014		2975		418		10		586		596
1016		3131		965		51		0		51
1018		2604		279		17		722		739
1020		2812		352		39		629		668
1020		3136		967		53		0		53
1032		2833		355		3		674		677
1037		3036		929		12		96		108
1038		2790		344		21		673		694
1039		3089		942		37		60		97
1041		2854		359		41		641		682
1046		2872		369		3		674		677
1051		2631		292		0		759		759
1055		3103		945		42		68		110
1065		3191		997		68		0		68
1069		3106		954		43		72		115
1074		2491		224		3		847		850
1094		3070		936		27		131		158
1096		2253		154		1		941		942
1104		2617		285		12		807		819
1108		2970		411		32		665		697
1109		3244		1022		87		0		87
1110		3245		1022		88		0		88
1134		2701		309		7		818		825
1137		3158		977		58		102		160
1142		3282		1037		105		0		105
1147		3291		1039		108		0		108
1150		2249		148		21		981		1002
1155		3042		929		14		212		226
1160		3093		944		38		178		216
1164		2351		187		1		976		977
1167		2939		395		10		762		772
1182		2405		206		2		974		976
1182		2101		72		20		1090		1110
1191		2834		357		10		824		834
1194		2531		236		1		957		958
1200		2771		334		2		864		866
1200		2533		242		4		954		958
1221		2568		252		0		969		969
1222		2575		254		19		949		968
1224		2561		250		2		972		974
1224		2953		400		9		815		824
1225		3386		1081		144		0		144
1227		2883		376		14		837		851
1230		2750		325		3		902		905
1230		3394		1083		147		0		147
1242		2917		386		14		842		856
1243		2906		382		53		808		861
1244		2993		424		7		813		820
1253		3128		965		49		239		288
1255		3029		927		9		319		328
1274		3428		1103		171		0		171
1286		3443		1105		181		0		181
1292		3451		1106		186		0		186
1309		3461		1115		194		0		194
1313		2007		6		1		1306		1307
1335		2003		6		1		1328		1329
1342		3153		975		57		310		367
1371		3284		1037		106		228		334
1386		3292		1039		108		239		347
1414		3092		944		38		432		470
1414		2465		219		98		1097		1195
1433		2010		21		2		1410		1412
1444		2808		352		171		921		1092
1475		3321		1062		119		294		413
1477		3569		1182		295		0		295
1485		2164		105		34		1346		1380
1496		2241		147		48		1301		1349
1522		2416		209		88		1225		1313
1526		2206		111		43		1372		1415
1535		3616		1203		332		0		332
1562		2507		228		108		1226		1334
1565		2100		72		20		1473		1493
1572		3638		1216		356		0		356
1573		2072		59		14		1500		1514
1582		3379		1078		140		364		504
1609		3672		1228		381		0		381
1614		3677		1229		385		0		385
1625		3682		1233		392		0		392
1629		2066		51		12		1566		1578
1631		2185		108		39		1484		1523
1641		3695		1237		404		0		404
1643		3697		1237		406		0		406
1651		3707		1238		413		0		413
1672		2049		42		9		1621		1630
1675		2022		34		2		1639		1641
1676		2486		222		103		1351		1454
1683		2035		37		7		1639		1646
1692		3006		914		1		777		778
1705		3748		1262		443		0		443
1708		2850		359		178		1171		1349
1721		3228		1020		80		621		701
1729		2226		138		47		1544		1591
1745		2117		83		23		1639		1662
1747		2043		42		8		1697		1705
1751		2373		199		80		1472		1552
1751		2374		199		80		1472		1552
1759		3793		1286		473		0		473
1760		2395		202		84		1474		1558
1775		2668		297		141		1337		1478
1781		2096		65		21		1695		1716
1813		2306		161		65		1587		1652
1814		2028		34		3		1777		1780
1814		2506		228		108		1478		1586
1818		3842		1315		503		0		503
1820		3845		1315		505		0		505
1830		2073		59		15		1756		1771
1838		2222		126		46		1666		1712
1846		3863		1326		520		0		520
1861		3874		1334		527		0		527
1866		2914		386		193		1287		1480
1866		2355		187		75		1604		1679
1867		3882		1336		531		0		531
1876		3883		1346		530		0		530
1885		3890		1350		535		0		535
1894		2987		421		203		1270		1473
1897		2194		109		41		1747		1788
1904		3156		977		58		869		927
1935		2473		220		99		1616		1715
1935		2474		220		99		1616		1715
1941		3932		1378		563		0		563
1949		3504		1146		233		570		803
1951		2780		338		166		1447		1613
1955		2521		232		111		1612		1723
1959		2529		236		113		1610		1723
1961		2040		40		7		1914		1921
1962		3507		1147		236		579		815
1968		2829		355		175		1438		1613
1969		2054		49		10		1910		1920
1969		3962		1386		583		0		583
1976		2867		361		183		1432		1615
1985		2082		61		16		1908		1924
1991		2579		254		122		1615		1737
1993		3982		1394		599		0		599
1999		2230		138		48		1813		1861
2006		2166		105		34		1867		1901
2010		2362		192		77		1741		1818
2014		3516		1155		245		614		859
2026		3529		1159		251		616		867
2029		2122		84		24		1921		1945
2033		2635		292		135		1606		1741
2037		2656		295		139		1603		1742
2043		2257		154		55		1834		1889
2053		2444		216		94		1743		1837
2063		2048		42		9		2012		2021
2063		2019		31		2		2030		2032
2065		2285		158		62		1845		1907
2067		2029		37		6		2024		2030
2068		2488		222		103		1743		1846
2070		2292		159		64		1847		1911
2081		2020		31		3		2047		2050
2084		2787		344		169		1571		1740
2084		3563		1181		291		612		903
2089		3572		1182		296		611		907
2091		2817		353		173		1565		1738
2096		2846		358		177		1561		1738
2098		2859		360		181		1557		1738
2108		2061		50		11		2047		2058
2109		2572		252		121		1736		1857
2110		2145		100		32		1978		2010
2112		2062		50		12		2050		2062
2116		2904		382		191		1543		1734
2122		2111		82		22		2018		2040
2126		2173		106		35		1985		2020
2135		2118		83		23		2029		2052
2140		2608		279		129		1732		1861
2146		2383		200		81		1865		1946
2151		3109		954		44		1153		1197
2158		2999		429		205		1524		1729
2160		2647		294		138		1728		1866
2161		3359		1073		133		955		1088
2163		3362		1073		134		956		1090
2171		2430		211		91		1869		1960
2177		3632		1212		351		614		965
2193		2766		330		162		1701		1863
2198		3381		1078		141		979		1120
2205		2318		166		67		1972		2039
2208		2796		350		170		1688		1858
2216		2537		242		114		1860		1974
2225		2559		245		118		1862		1980
2227		2139		98		29		2100		2129
2229		2565		250		119		1860		1979
2229		2880		371		183		1675		1858
2230		2002		6		0		2224		2224
2234		2893		377		187		1670		1857
2238		2089		63		18		2157		2175
2243		2159		104		33		2106		2139
2247		2160		104		34		2109		2143
2250		2932		390		197		1663		1860
2256		2957		400		199		1657		1856
2257		2962		404		199		1654		1853
2276		3215		1011		77		1188		1265
2281		2412		208		87		1986		2073
2284		2418		209		88		1987		2075
2290		2208		111		43		2136		2179
2295		2710		310		149		1836		1985
2302		2271		156		61		2085		2146
2307		2467		219		99		1989		2088
2308		3736		1259		438		611		1049
2310		3740		1259		440		611		1051
2312		2760		326		160		1826		1986
2314		2495		224		104		1986		2090
2317		3746		1262		442		613		1055
2330		2804		351		170		1809		1979
2334		2329		171		69		2094		2163
2334		2053		49		10		2275		2285
2344		2333		173		70		2101		2171
2345		2334		173		70		2102		2172
2346		2866		361		182		1803		1985
2349		3772		1278		460		611		1071
2352		2571		252		121		1979		2100
2356		2894		377		187		1792		1979
2362		2110		82		21		2259		2280
2366		2923		388		196		1782		1978
2370		2592		264		125		1981		2106
2373		2113		83		23		2267		2290
2376		2361		192		77		2107		2184
2378		2602		272		129		1977		2106
2379		2181		107		39		2233		2272
2379		2240		147		48		2184		2232
2389		2621		285		133		1971		2104
2391		2396		202		84		2105		2189
2400		2202		110		42		2248		2290
2403		2095		65		21		2317		2338
2406		2677		298		143		1965		2108
2411		3141		970		54		1387		1441
2411		2263		155		57		2199		2256
2411		2264		155		58		2198		2256
2413		2440		215		93		2105		2198
2415		2712		310		150		1955		2105
2415		3456		1115		192		1108		1300
2423		3247		1026		89		1308		1397
2423		2747		320		159		1944		2103
2425		2482		221		102		2102		2204
2429		2034		37		7		2385		2392
2444		2006		6		1		2437		2438
2446		2128		95		27		2324		2351
2447		2810		352		171		1924		2095
2454		2221		126		46		2282		2328
2455		2544		243		116		2096		2212
2463		2875		369		184		1910		2094
2467		3148		975		55		1437		1492
2471		2015		31		2		2438		2440
2475		2354		187		75		2213		2288
2476		2916		386		193		1897		2090
2480		2937		390		198		1892		2090
2491		2367		196		79		2216		2295
2492		2242		147		50		2295		2345
2496		2612		281		132		2083		2215
2498		2979		418		202		1878		2080
2501		2397		202		84		2215		2299
2505		2634		292		135		2078		2213
2506		2403		206		86		2214		2300
2507		2068		51		13		2443		2456
2509		2201		110		42		2357		2399
2510		2407		208		86		2216		2302
2515		2682		299		143		2073		2216
2517		2425		210		90		2217		2307
2520		2689		305		145		2070		2215
2522		3920		1369		554		599		1153
2531		2731		314		152		2065		2217
2533		2461		218		98		2217		2315
2534		2278		157		61		2316		2377
2537		2284		158		62		2317		2379
2542		2298		160		64		2318		2382
2542		2299		160		64		2318		2382
2543		3500		1146		232		1165		1397
2544		2503		225		106		2213		2319
2553		2211		119		45		2389		2434
2554		3506		1147		235		1172		1407
2555		2523		232		112		2211		2323
2558		3955		1385		579		594		1173
2563		2825		354		174		2035		2209
2566		2845		358		177		2031		2208
2575		2342		175		72		2328		2400
2576		2138		98		29		2449		2478
2580		2887		376		185		2019		2204
2581		2578		254		122		2205		2327
2588		2583		263		124		2201		2325
2593		2936		390		198		2005		2203
2596		3993		1397		609		590		1199
2604		2603		279		128		2197		2325
2606		2377		199		80		2327		2407
2610		2252		148		52		2410		2462
2613		2187		108		40		2465		2505
2615		2626		289		134		2192		2326
2619		2998		429		205		1985		2190
2620		2642		293		136		2191		2327
2624		2669		297		141		2186		2327
2625		2256		154		55		2416		2471
2630		2207		111		43		2476		2519
2634		2439		215		93		2326		2419
2640		2733		314		153		2173		2326
2650		2291		159		63		2428		2491
2651		2769		330		162		2159		2321
2652		3048		930		17		1705		1722
2656		2313		162		66		2428		2494
2656		2779		338		166		2152		2318
2670		2838		357		176		2137		2313
2676		2081		61		15		2600		2615
2677		2337		175		71		2431		2502
2678		2343		175		73		2430		2503
2682		2143		100		31		2551		2582
2684		2901		378		189		2117		2306
2685		2152		103		31		2551		2582
2687		2910		382		191		2114		2305
2690		2922		388		194		2108		2302
2692		2930		389		197		2106		2303
2697		2948		396		198		2103		2301
2699		2597		272		127		2300		2427
2700		2956		400		199		2101		2300
2705		2382		200		80		2425		2505
2709		3195		997		70		1642		1712
2710		2981		421		202		2087		2289
2719		3603		1201		323		1195		1518
2720		2655		295		139		2286		2425
2721		2664		296		141		2284		2425
2723		2676		298		143		2282		2425
2729		2698		306		147		2276		2423
2731		2705		309		148		2274		2422
2735		2727		312		152		2271		2423
2738		2277		157		61		2520		2581
2740		2742		318		157		2265		2422
2743		2761		326		160		2257		2417
2746		2765		330		161		2255		2416
2747		2500		225		105		2417		2522
2749		2775		334		164		2251		2415
2753		2516		231		110		2412		2522
2754		2216		119		45		2590		2635
2758		2039		40		7		2711		2718
2762		2076		59		15		2688		2703
2772		2224		126		47		2599		2646
2773		2564		250		118		2405		2523
2775		2141		100		30		2645		2675
2781		3664		1222		375		1184		1559
2783		2582		263		123		2397		2520
2785		2925		389		196		2200		2396
2788		2165		105		34		2649		2683
2790		2951		396		199		2195		2394
2790		2234		144		47		2599		2646
2791		2237		144		48		2599		2647
2792		2180		107		39		2646		2685
2793		2965		404		199		2190		2389
2795		2607		279		129		2387		2516
2797		2973		411		200		2186		2386
2797		2611		281		131		2385		2516
2798		2391		201		83		2514		2597
2800		2620		285		133		2382		2515
2802		2991		424		204		2174		2378
2803		2193		109		40		2654		2694
2814		3689		1236		399		1179		1578
2819		2435		215		91		2513		2604
2821		2718		311		151		2359		2510
2821		2719		311		151		2359		2510
2827		2746		320		158		2349		2507
2828		2286		158		62		2608		2670
2830		2487		222		103		2505		2608
2835		2027		34		3		2798		2801
2836		2312		162		66		2608		2674
2839		2517		231		110		2498		2608
2841		3719		1241		421		1179		1600
2841		3720		1241		422		1178		1600
2841		2317		166		67		2608		2675
2845		2803		351		170		2324		2494
2849		2837		357		176		2316		2492
2854		2551		244		116		2494		2610
2854		3726		1250		430		1174		1604
2867		2088		63		18		2786		2804
2876		2943		395		198		2283		2481
2886		2615		281		132		2473		2605
2887		2390		201		82		2604		2686
2887		2974		418		200		2269		2469
2889		2986		421		203		2265		2468
2894		2067		51		13		2830		2843
2896		2200		110		42		2744		2786
2897		2203		110		43		2744		2787
2897		2649		294		138		2465		2603
2905		3778		1279		465		1161		1626
2906		3779		1279		465		1162		1627
2909		2711		310		149		2450		2599
2911		2726		312		152		2447		2599
2911		3438		1104		177		1630		1807
2912		2270		156		60		2696		2756
2913		2732		314		153		2446		2599
2913		2453		217		97		2599		2696
2916		2460		218		98		2600		2698
2926		2305		161		65		2700		2765
2931		2783		338		168		2425		2593
2934		2530		236		113		2585		2698
2936		2795		350		169		2417		2586
2938		2130		95		28		2815		2843
2939		3823		1298		488		1153		1641
2942		2831		355		175		2412		2587
2950		2558		245		118		2587		2705
2950		2001		6		0		2944		2944
2956		2886		376		185		2395		2580
2969		2929		389		197		2383		2580
2975		2952		396		199		2380		2579
2981		2245		147		50		2784		2834
2983		2616		281		132		2570		2702
2985		2186		108		40		2837		2877
2992		2411		208		87		2697		2784
2994		2670		297		142		2555		2697
2995		2417		209		88		2698		2786
2999		2429		211		91		2697		2788
3000		2433		211		92		2697		2789
3000		2434		211		93		2696		2789
3002		3876		1336		528		1138		1666
3002		2441		215		93		2694		2787
3008		2466		219		98		2691		2789
3010		2475		220		99		2691		2790
3012		2754		325		159		2528		2687
3016		3888		1346		533		1137		1670
3018		2774		334		163		2521		2684
3022		2215		119		45		2858		2903
3025		2104		72		21		2932		2953
3030		2816		353		172		2505		2677
3033		2830		355		175		2503		2678
3033		2536		242		114		2677		2791
3036		2543		243		116		2677		2793
3045		2573		252		122		2671		2793
3046		2144		100		31		2915		2946
3049		2151		103		31		2915		2946
3050		2106		82		21		2947		2968
3050		2909		382		191		2477		2668
3052		2350		186		75		2791		2866
3064		2961		404		198		2462		2660
3065		2366		196		79		2790		2869
3065		2370		196		80		2789		2869
3069		2978		418		202		2449		2651
3071		2124		84		24		2963		2987
3073		3938		1378		568		1127		1695
3076		2636		292		135		2649		2784
3077		2641		293		136		2648		2784
3083		2685		299		144		2640		2784
3087		2697		306		147		2634		2781
3098		2481		221		101		2776		2877
3098		2287		158		63		2877		2940
3100		2753		325		159		2616		2775
3101		2293		159		64		2878		2942
3103		2496		224		104		2775		2879
3105		3976		1393		595		1117		1712
3106		2510		228		108		2770		2878
3110		2321		166		68		2876		2944
3111		3164		980		60		2071		2131
3115		2824		354		174		2587		2761
3116		3991		1397		607		1112		1719
3116		2839		357		176		2583		2759
3120		2858		360		180		2580		2760
3125		2083		61		16		3048		3064
3126		2879		371		183		2572		2755
3127		2060		50		11		3066		3077
3127		3304		1045		112		1970		2082
3140		2172		106		34		3000		3034
3140		2947		396		198		2546		2744
3142		2596		272		127		2743		2870
3142		2958		400		199		2543		2742
3143		2119		83		24		3036		3060
3147		2384		200		81		2866		2947
3150		2629		289		134		2727		2861
3158		2663		296		141		2721		2862
3161		2681		299		143		2719		2862
3162		2424		210		90		2862		2952
3162		2427		210		90		2862		2952
3168		2446		216		95		2857		2952
3178		2759		326		160		2692		2852
3179		2494		224		103		2852		2955
3191		2324		171		68		2952		3020
3193		2840		357		176		2660		2836
3195		3576		1183		299		1713		2012
3197		3578		1183		300		1714		2014
3198		2056		49		11		3138		3149
3202		2900		378		189		2635		2824
3203		2008		21		2		3180		3182
3204		2153		103		32		3069		3101
3204		2905		382		191		2631		2822
3206		2345		186		74		2946		3020
3207		2231		138		48		3021		3069
3208		2913		386		192		2630		2822
3208		2584		263		124		2821		2945
3212		2942		395		198		2619		2817
3213		2363		192		78		2943		3021
3214		2238		144		48		3022		3070
3215		2963		404		199		2612		2811
3216		2243		147		50		3019		3069
3221		2625		289		133		2799		2932
3222		2630		289		135		2798		2933
3222		2195		109		41		3072		3113
3223		2404		206		86		2931		3017
3233		2704		309		148		2776		2924
3236		2452		217		96		2923		3019
3237		2272		156		61		3020		3081
3239		2472		220		99		2920		3019
3241		2483		221		102		2918		3020
3244		2497		224		104		2916		3020
3245		2504		225		107		2913		3020
3249		3111		954		45		2250		2295
3255		2798		350		170		2735		2905
3262		2844		358		176		2728		2904
3266		2335		173		71		3022		3093
3266		2336		173		71		3022		3093
3266		2557		245		117		2904		3021
3267		2341		175		72		3020		3092
3269		2570		252		121		2896		3017
3274		2158		104		33		3137		3170
3279		2091		63		19		3197		3216
3281		2959		400		199		2682		2881
3284		2966		404		199		2681		2880
3291		2992		424		205		2662		2867
3293		2648		294		138		2861		2999
3298		2426		210		90		2998		3088
3298		2259		154		56		3088		3144
3300		2097		65		21		3214		3235
3301		3203		1006		73		2222		2295
3304		2729		314		152		2838		2990
3304		2735		314		153		2837		2990
3306		2737		318		156		2832		2988
3308		2485		222		102		2984		3086
3310		2499		225		105		2980		3085
3311		2026		34		3		3274		3277
3311		2777		334		164		2813		2977
3313		2307		161		65		3087		3152
3314		2315		162		67		3085		3152
3317		3210		1007		75		2235		2310
3319		2041		40		8		3271		3279
3320		2809		352		171		2797		2968
3323		2538		242		115		2966		3081
3323		2219		126		46		3151		3197
3326		2861		360		181		2785		2966
3327		2552		244		117		2966		3083
3327		2553		244		117		2966		3083
3329		2080		61		15		3253		3268
3331		2084		61		17		3253		3270
3332		2574		252		122		2958		3080
3333		2577		254		122		2957		3079
3335		2063		50		12		3273		3285
3335		2154		103		32		3200		3232
3336		2109		82		21		3233		3254
3337		2912		386		192		2759		2951
3337		2356		187		75		3075		3150
3338		2921		388		194		2756		2950
3339		2924		388		196		2755		2951
3339		2161		104		34		3201		3235
3339		2589		264		124		2951		3075
3341		2595		264		126		2951		3077
3344		2364		192		78		3074		3152
3347		2968		411		199		2737		2936
3352		2123		84		24		3244		3268
3354		2644		293		137		2924		3061
3355		2657		295		139		2921		3060
3361		2699		306		148		2907		3055
3362		2438		215		91		3056		3147
3365		2445		216		95		3054		3149
3366		2734		314		153		2899		3052
3370		2294		159		64		3147		3211
3373		2311		162		65		3146		3211
3385		2223		126		47		3212		3259
3389		2892		377		187		2825		3012
3389		2147		100		32		3257		3289
3392		2915		386		193		2813		3006
3397		2955		400		198		2799		2997
3398		2964		404		199		2795		2994
3406		2633		292		135		2979		3114
3406		2637		292		136		2978		3114
3408		2658		295		139		2974		3113
3408		2413		208		87		3113		3200
3415		3782		1279		467		1669		2136
3417		2459		218		97		3102		3199
3418		2462		218		98		3102		3200
3418		2464		219		98		3101		3199
3421		2755		325		159		2937		3096
3421		2489		222		103		3096		3199
3422		2033		37		7		3378		3385
3424		2301		160		65		3199		3264
3425		2314		162		67		3196		3263
3426		2021		31		3		3392		3395
3426		2011		21		3		3402		3405
3428		2522		232		112		3084		3196
3428		2217		119		46		3263		3309
3429		2526		236		112		3081		3193
3429		2527		236		112		3081		3193
3429		2528		236		112		3081		3193
3432		2818		353		173		2906		3079
3432		2052		49		10		3373		3383
3433		2535		242		113		3078		3191
3434		2055		49		11		3374		3385
3435		2542		243		115		3077		3192
3436		2852		359		179		2898		3077
3437		2550		244		116		3077		3193
3437		2868		361		183		2893		3076
3439		2870		369		183		2887		3070
3440		2881		371		183		2886		3069
3441		2142		100		31		3310		3341
3442		2903		378		190		2874		3064
3444		2225		138		46		3260		3306
3444		2228		138		47		3259		3306
3451		2601		272		129		3050		3179
3451		2179		107		38		3306		3344
3453		2609		279		129		3045		3174
3459		2196		109		41		3309		3350
3460		3000		429		205		2826		3031
3467		2706		309		149		3009		3158
3471		2273		156		61		3254		3315
3472		2748		320		159		2993		3152
3472		2476		220		100		3152		3252
3472		2283		158		62		3252		3314
3473		2752		325		159		2989		3148
3473		2762		326		161		2986		3147
3477		2781		338		167		2972		3139
3482		2797		350		170		2962		3132
3483		3854		1317		512		1654		2166
3485		2539		242		115		3128		3243
3487		2860		360		181		2946		3127
3488		2560		245		118		3125		3243
3490		2874		369		184		2937		3121
3496		2911		386		192		2918		3110
3497		2590		264		124		3109		3233
3498		2112		82		22		3394		3416
3499		2174		106		35		3358		3393
3500		2235		144		47		3309		3356
3501		2360		192		76		3233		3309
3501		2371		196		80		3225		3305
3505		2251		148		52		3305		3357
3506		2622		285		134		3087		3221
3506		2623		285		134		3087		3221
3508		2997		429		205		2874		3079
3514		2262		155		57		3302		3359
3514		2687		305		145		3064		3209
3515		2265		155		58		3302		3360
3520		2745		320		158		3042		3200
3520		2749		320		159		3041		3200
3521		2756		325		160		3036		3196
3521		2297		160		64		3297		3361
3522		2023		34		3		3485		3488
3522		2776		334		164		3024		3188
3523		2509		228		108		3187		3295
3523		2784		338		168		3017		3185
3523		2012		21		3		3499		3502
3527		2038		40		7		3480		3487
3528		2042		40		8		3480		3488
3531		2841		358		176		2997		3173
3533		2857		360		180		2993		3173
3533		2554		245		117		3171		3288
3533		2134		98		29		3406		3435
3533		2137		98		29		3406		3435
3533		2140		98		29		3406		3435
3534		2563		250		118		3166		3284
3534		2566		250		119		3165		3284
3536		2899		378		189		2969		3158
3536		2902		378		190		2968		3158
3537		2087		63		17		3457		3474
3537		2090		63		18		3456		3474
3537		2344		186		74		3277		3351
3538		2357		187		76		3275		3351
3539		2938		390		198		2951		3149
3539		2163		105		33		3401		3434
3539		2167		105		34		3400		3434
3544		2614		281		132		3131		3263
3545		2385		200		81		3264		3345
3548		2192		109		40		3399		3439
3550		2197		110		41		3399		3440
3550		2646		294		137		3119		3256
3550		2410		208		86		3256		3342
3551		2654		295		139		3117		3256
3552		2665		296		141		3115		3256
3553		2686		299		145		3109		3254
3554		2690		305		146		3103		3249
3555		2707		309		149		3097		3246
3559		2730		314		152		3093		3245
3559		2454		217		97		3245		3342
3560		2280		157		61		3342		3403
3560		2741		318		156		3086		3242
3564		2308		161		65		3338		3403
3564		2782		338		167		3059		3226
3566		2319		166		68		3332		3400
3567		2805		351		171		3045		3216
3568		2826		354		174		3040		3214
3569		2328		171		69		3329		3398
3570		2849		359		178		3033		3211
3571		2865		361		182		3028		3210
3571		2338		175		71		3325		3396
3573		2567		250		121		3202		3323
3574		2150		103		31		3440		3471
3574		2353		187		75		3312		3387
3576		2018		31		2		3543		3545
3576		2175		106		36		3434		3470
3578		2368		196		79		3303		3382
3581		2977		418		200		2963		3163
3588		2683		299		144		3145		3289
3589		2205		111		43		3435		3478
3590		2700		306		148		3136		3284
3590		2703		309		147		3134		3281
3595		2493		224		103		3268		3371
3595		2767		330		162		3103		3265
3596		2304		161		64		3371		3435
3596		2773		334		163		3099		3262
3596		2505		228		107		3261		3368
3600		2807		352		171		3077		3248
3602		2815		353		172		3077		3249
3605		2836		357		175		3073		3248
3606		2851		359		179		3068		3247
3607		2545		243		116		3248		3364
3607		2878		371		183		3053		3236
3608		2895		377		187		3044		3231
3611		2928		389		196		3026		3222
3613		2606		279		129		3205		3334
3614		2613		281		132		3201		3333
3614		2389		201		82		3331		3413
3615		2392		201		83		3331		3414
3616		2121		84		24		3508		3532
3618		2640		293		136		3189		3325
3618		2069		51		13		3554		3567
3620		2255		154		54		3412		3466
3622		2266		155		59		3408		3467
3628		2300		160		64		3404		3468
3631		2788		344		169		3118		3287
3634		2819		353		174		3107		3281
3635		2847		358		177		3100		3277
3636		2889		376		186		3074		3260
3636		2896		377		187		3072		3259
3640		2182		107		39		3494		3533
3642		2980		418		202		3022		3224
3643		2394		202		83		3358		3441
3644		2400		206		84		3354		3438
3645		2094		65		20		3560		3580
3646		2675		298		143		3205		3348
3646		2679		298		144		3204		3348
3646		2419		209		89		3348		3437
3648		2098		65		21		3562		3583
3649		2725		312		151		3186		3337
3649		2728		312		153		3184		3337
3650		2279		157		61		3432		3493
3652		2763		326		161		3165		3326
3657		2518		231		110		3316		3426
3658		2785		344		168		3146		3314
3659		2322		166		68		3425		3493
3661		2823		354		174		3133		3307
3663		2882		371		184		3108		3292
3664		2888		376		185		3103		3288
3664		2908		382		191		3091		3282
3666		2116		83		23		3560		3583
3667		2945		395		199		3073		3272
3668		2239		147		48		3473		3521
3669		2184		108		39		3522		3561
3669		2246		148		51		3470		3521
3669		2381		200		80		3389		3469
3670		2619		285		133		3252		3385
3671		2982		421		203		3047		3250
3671		2627		289		134		3248		3382
3675		2415		209		88		3378		3466
3675		2678		298		143		3234		3377
3676		2696		306		147		3223		3370
3677		2047		42		9		3626		3635
3678		2721		311		151		3216		3367
3678		2455		217		97		3364		3461
3679		2276		157		60		3462		3522
3680		2480		221		101		3358		3459
3681		2770		330		163		3188		3351
3682		2520		232		111		3339		3450
3682		2789		344		169		3169		3338
3684		2075		59		15		3610		3625
3684		2828		355		175		3154		3329
3688		2229		138		47		3503		3550
3688		2588		263		124		3301		3425
3688		2591		264		125		3299		3424
3688		2594		264		125		3299		3424
3688		2935		390		198		3100		3298
3688		2171		106		34		3548		3582
3689		2244		147		50		3492		3542
3689		2065		51		12		3626		3638
3689		2372		199		79		3411		3490
3690		2985		421		203		3066		3269
3691		2125		84		25		3582		3607
3691		2643		293		137		3261		3398
3692		2667		297		141		3254		3395
3696		2477		221		100		3375		3475
3697		2290		159		63		3475		3538
3697		2099		72		20		3605		3625
3698		2214		119		45		3534		3579
3699		2325		171		68		3460		3528
3699		2832		355		176		3168		3344
3699		2220		126		46		3527		3573
3700		2871		369		183		3148		3331
3700		2057		50		11		3639		3650
3700		2146		100		32		3568		3600
3700		2580		254		123		3323		3446
3701		2581		254		123		3324		3447
3702		2941		395		198		3109		3307
3702		2944		395		199		3108		3307
3704		2176		107		38		3559		3597
3705		2988		424		203		3078		3281
3706		2662		296		141		3269		3410
3706		2258		154		55		3497		3552
3707		2432		211		92		3404		3496
3707		2691		305		146		3256		3402
3708		2720		311		151		3246		3397
3710		2794		350		169		3191		3360
3712		2332		173		70		3469		3539
3712		2885		376		184		3152		3336
3712		2155		104		33		3575		3608
3715		2628		289		134		3292		3426
3716		2401		206		84		3426		3510
3717		2684		299		144		3274		3418
3723		2820		354		174		3195		3369
3724		2349		186		74		3464		3538
3724		2918		388		194		3142		3336
3726		2369		196		79		3451		3530
3727		2247		148		52		3527		3579
3729		3611		1203		330		2196		2526
3733		2502		225		106		3402		3508
3733		2524		232		112		3389		3501
3735		2546		243		116		3376		3492
3737		2972		411		200		3126		3326
3737		2248		148		52		3537		3589
3737		2386		201		82		3454		3536
3737		2398		202		84		3451		3535
3737		2188		108		40		3589		3629
3737		2989		424		204		3109		3313
3739		2209		111		44		3584		3628
3739		2044		42		9		3688		3697
3739		2717		311		150		3278		3428
3740		2738		318		156		3266		3422
3742		2320		166		68		3508		3576
3743		2549		244		116		3383		3499
3743		2931		389		197		3157		3354
3744		2950		396		199		3149		3348
3744		2402		206		86		3452		3538
3747		3629		1210		348		2189		2537
3748		2030		37		6		3705		3711
3748		2768		330		162		3256		3418
3748		2515		231		110		3407		3517
3749		2811		352		172		3225		3397
3750		2949		396		198		3156		3354
3751		2431		211		92		3448		3540
3752		2709		310		149		3293		3442
3753		2269		156		60		3537		3597
3753		2468		219		99		3435		3534
3753		2501		225		105		3423		3528
3754		2802		351		170		3233		3403
3755		2650		294		138		3323		3461
3756		2671		297		142		3317		3459
3756		2451		217		96		3443		3539
3757		2456		218		97		3442		3539
3758		2853		359		179		3220		3399
3758		2593		264		125		3369		3494
3758		2969		411		200		3147		3347
3758		2990		424		204		3130		3334
3760		2376		199		80		3481		3561
3761		2659		296		140		3325		3465
3761		2722		312		151		3298		3449
3761		2512		231		110		3420		3530
3762		2131		95		28		3639		3667
3762		2071		59		14		3689		3703
3764		2862		361		182		3221		3403
3765		2713		310		150		3305		3455
3765		2443		216		94		3455		3549
3766		2103		72		20		3674		3694
3766		2423		210		90		3466		3556
3767		2799		351		170		3246		3416
3768		3651		1220		367		2181		2548
3771		2447		216		97		3458		3555
3773		36		19		4		3750		3754
3773		317		151		41		3581		3622
3773		108		58		14		3701		3715
3773		38		20		5		3748		3753
3773		31		19		4		3750		3754
3773		157		71		23		3679		3702
3773		37		20		5		3748		3753
3773		15		6		1		3766		3767
3773		23		12		3		3758		3761
3773		255		133		35		3605		3640
3773		30		19		4		3750		3754
3773		24		12		3		3758		3761
3773		989		556		0		3217		3217
3773		983		555		0		3218		3218
3773		981		553		0		3220		3220
3773		969		552		0		3221		3221
3773		935		513		0		3260		3260
3773		962		548		0		3225		3225
3773		930		509		0		3264		3264
3773		928		509		0		3264		3264
3773		926		509		131		3133		3264
3773		918		503		0		3270		3270
3773		920		506		0		3267		3267
3773		914		503		0		3270		3270
3773		913		503		0		3270		3270
3773		912		503		176		3094		3270
3773		903		500		0		3273		3273
3773		889		491		0		3282		3282
3773		898		500		0		3273		3273
3773		884		491		0		3282		3282
3773		881		489		0		3284		3284
3773		871		478		1		3294		3295
3773		869		476		0		3297		3297
3773		868		476		0		3297		3297
3773		875		478		0		3295		3295
3773		846		448		0		3325		3325
3773		866		476		264		3033		3297
3773		829		439		0		3334		3334
3773		817		433		0		3340		3340
3773		833		439		0		3334		3334
3773		867		476		262		3035		3297
3773		801		426		0		3347		3347
3773		792		421		0		3352		3352
3773		788		421		0		3352		3352
3773		787		421		0		3352		3352
3773		863		476		274		3023		3297
3773		786		421		347		3005		3352
3773		772		413		0		3360		3360
3773		781		414		0		3359		3359
3773		778		413		0		3360		3360
3773		735		382		0		3391		3391
3773		725		373		0		3400		3400
3773		753		393		0		3380		3380
3773		716		372		0		3401		3401
3773		713		368		0		3405		3405
3773		701		359		0		3414		3414
3773		702		365		0		3408		3408
3773		700		359		0		3414		3414
3773		722		372		0		3401		3401
3773		694		355		0		3418		3418
3773		699		359		0		3414		3414
3773		693		355		0		3418		3418
3773		687		352		0		3421		3421
3773		692		355		1		3417		3418
3773		686		352		0		3421		3421
3773		671		345		0		3428		3428
3773		685		352		0		3421		3421
3773		656		340		0		3433		3433
3773		639		321		0		3452		3452
3773		645		321		0		3452		3452
3773		626		313		0		3460		3460
3773		636		317		0		3456		3456
3773		607		301		0		3472		3472
3773		624		310		0		3463		3463
3773		623		310		0		3463		3463
3773		598		299		0		3474		3474
3773		622		310		0		3463		3463
3773		601		299		0		3474		3474
3773		670		345		0		3428		3428
3773		596		297		0		3476		3476
3773		595		297		0		3476		3476
3773		589		294		0		3479		3479
3773		588		294		0		3479		3479
3773		594		297		552		2924		3476
3773		587		294		0		3479		3479
3773		571		275		0		3498		3498
3773		562		274		0		3499		3499
3773		559		270		0		3503		3503
3773		568		274		0		3499		3499
3773		542		263		0		3510		3510
3773		541		263		0		3510		3510
3773		536		256		0		3517		3517
3773		527		255		0		3518		3518
3773		523		254		0		3519		3519
3773		533		255		0		3518		3518
3773		513		253		0		3520		3520
3773		519		253		0		3520		3520
3773		509		252		0		3521		3521
3773		499		251		0		3522		3522
3773		492		247		0		3526		3526
3773		478		239		0		3534		3534
3773		486		246		0		3527		3527
3773		472		238		0		3535		3535
3773		468		233		0		3540		3540
3773		505		251		0		3522		3522
3773		455		227		0		3546		3546
3773		463		232		0		3541		3541
3773		462		232		0		3541		3541
3773		461		232		0		3541		3541
3773		451		227		0		3546		3546
3773		467		233		0		3540		3540
3773		444		226		0		3547		3547
3773		437		225		0		3548		3548
3773		435		222		0		3551		3551
3773		434		222		0		3551		3551
3773		440		225		0		3548		3548
3773		428		219		0		3554		3554
3773		433		222		1		3550		3551
3773		443		226		0		3547		3547
3773		427		219		0		3554		3554
3773		426		219		0		3554		3554
3773		421		216		0		3557		3557
3773		420		216		0		3557		3557
3773		419		216		0		3557		3557
3773		402		211		0		3562		3562
3773		405		211		0		3562		3562
3773		414		215		0		3558		3558
3773		400		209		0		3564		3564
3773		399		209		0		3564		3564
3773		408		215		0		3558		3558
3773		391		203		0		3570		3570
3773		398		209		1		3563		3564
3773		378		198		0		3575		3575
3773		385		202		0		3571		3571
3773		386		202		0		3571		3571
3773		384		202		0		3571		3571
3773		390		203		0		3570		3570
3773		367		197		0		3576		3576
3773		374		198		0		3575		3575
3773		350		184		0		3589		3589
3773		361		189		0		3584		3584
3773		352		188		0		3585		3585
3773		366		197		0		3576		3576
3773		358		188		0		3585		3585
3773		339		178		0		3595		3595
3773		346		184		0		3589		3589
3773		331		174		0		3599		3599
3773		310		150		0		3623		3623
3773		328		170		0		3603		3603
3773		337		174		0		3599		3599
3773		316		150		0		3623		3623
3773		307		147		0		3626		3626
3773		301		144		0		3629		3629
3773		308		147		0		3626		3626
3773		293		143		0		3630		3630
3773		296		144		0		3629		3629
3773		268		140		0		3633		3633
3773		277		141		0		3632		3632
3773		267		139		0		3634		3634
3773		265		139		0		3634		3634
3773		258		133		0		3640		3640
3773		262		139		949		2685		3634
3773		247		128		0		3645		3645
3773		264		139		0		3634		3634
3773		241		122		0		3651		3651
3773		252		128		0		3645		3645
3773		235		115		0		3658		3658
3773		226		114		0		3659		3659
3773		225		111		0		3662		3662
3773		224		111		0		3662		3662
3773		232		114		0		3659		3659
3773		218		108		0		3665		3665
3773		217		108		0		3665		3665
3773		223		111		1006		2656		3662
3773		188		85		0		3688		3688
3773		211		105		0		3668		3668
3773		216		108		0		3665		3665
3773		210		105		0		3668		3668
3773		209		105		0		3668		3668
3773		183		84		0		3689		3689
3773		182		84		0		3689		3689
3773		181		84		1057		2632		3689
3773		176		82		0		3691		3691
3773		187		85		0		3688		3688
3773		160		71		0		3702		3702
3773		170		82		0		3691		3691
3773		169		79		0		3694		3694
3773		151		67		0		3706		3706
3773		142		66		0		3707		3707
3773		164		79		1		3693		3694
3773		148		66		0		3707		3707
3773		138		65		0		3708		3708
3773		128		64		0		3709		3709
3773		124		63		0		3710		3710
3773		134		64		0		3709		3709
3773		114		62		1		3710		3711
3773		106		55		0		3718		3718
3773		111		58		0		3715		3715
3773		120		62		0		3711		3711
3773		97		52		0		3721		3721
3773		92		51		0		3722		3722
3773		100		55		1		3717		3718
3773		105		55		0		3718		3718
3773		91		51		0		3722		3722
3773		96		52		0		3721		3721
3773		72		41		0		3732		3732
3773		90		51		0		3722		3722
3773		78		41		0		3732		3732
3773		64		34		0		3739		3739
3773		59		34		0		3739		3739
3773		57		25		0		3748		3748
3773		60		34		0		3739		3739
3773		47		24		0		3749		3749
3773		58		34		1238		2501		3739
3773		32		19		0		3754		3754
3773		16		10		1277		2486		3763
3773		7		3		3		3767		3770
3773		25		12		0		3761		3761
3773		22		10		0		3763		3763
3773		4		3		1294		2476		3770

Battle result: Draw

For Earth Army:
	Total ES: 666	Total ET: 226	Total EG: 82	Total HU: 25
	DeadES/TotalES: 2.25%		DeadET/TotalET: 100.00%		DeadEG/TotalEG: 100.00%		DeadHU/TotalHU: 100.00%
	DeadEarthUnits/TotalEarthUnits: 34.83%
	Average Df: 30.28		Average Dd: 2249.29		Average Db: 2279.57
	Df/Db: 1.33%		Dd/Db: 98.67%

For Alien Army:
	Total AS: 723	Total AM: 125	Total AD: 152
	DeadAS/TotalAS: 100.00%		DeadAM/TotalAM: 100.00%		DeadAD/TotalAD: 5.92%
	DeadAlienUnits/TotalAlienUnits: 85.70%
	Average Df: 90.49		Average Dd: 2360.81		Average Db: 2451.30
	Df/Db: 3.69%		Dd/Db: 96.31%

HealedUnits/TotalEarthUnits: 4.60%

InfectedSoldier/TotalEarthSoldiers: 17.12%
