6		6		1		1		4		5
9		2001		1		0		8		8
14		2011		4		0		10		10
15		9		10		0		5		5
19		2010		4		1		14		15
21		2012		4		2		15		17
23		2034		10		2		11		13
27		11		10		0		17		17
27		23		22		0		5		5
28		12		10		1		17		18
28		18		15		1		12		13
33		2023		9		2		22		24
34		2030		10		3		21		24
48		3001		48		0		0		0
51		57		50		0		1		1
54		2017		8		2		44		46
54		2020		8		2		44		46
58		3025		51		7		0		7
58		71		57		0		1		1
60		2076		22		0		38		38
61		38		41		2		18		20
61		59		55		0		6		6
64		2015		8		2		54		56
65		3006		48		1		16		17
69		2026		9		2		58		60
69		2002		1		0		68		68
69		85		61		0		8		8
70		2031		10		3		57		60
70		2032		10		3		57		60
71		2035		10		3		58		61
72		2037		14		4		54		58
72		2038		14		4		54		58
73		2042		14		4		55		59
73		2058		19		7		47		54
74		13		10		1		63		64
74		28		22		2		50		52
74		26		22		1		51		52
74		27		22		1		51		52
74		36		33		1		40		41
74		8		1		1		72		73
74		32		33		0		41		41
74		14		10		1		63		64
74		25		22		1		51		52
74		2		1		0		73		73
74		20		15		2		57		59
74		22		15		2		57		59
74		16		15		1		58		59
74		21		15		2		57		59
74		35		33		1		40		41
74		4		1		1		72		73
74		3		1		0		73		73
74		15		10		0		64		64
74		19		15		0		59		59
74		10		10		0		64		64
74		7		1		3		70		73
74		17		15		1		58		59
74		5		1		3		70		73
74		29		22		0		52		52
74		24		22		0		52		52
74		33		33		0		41		41
74		31		33		0		41		41
74		42		41		0		33		33
74		46		44		0		30		30
74		44		44		0		30		30
74		62		55		0		19		19
74		103		74		0		0		0
74		3013		49		3		22		25
74		98		64		0		10		10
75		3031		53		10		12		22
77		2086		31		13		33		46
77		2068		21		10		46		56
77		2003		1		0		76		76
79		2072		22		10		47		57
81		2004		1		0		80		80
81		3020		50		5		26		31
81		118		78		0		3		3
82		2006		1		1		80		81
82		2016		8		0		74		74
84		2029		10		2		72		74
85		3022		51		6		28		34
86		2055		18		7		61		68
86		2039		14		4		68		72
87		88		62		0		25		25
87		86		62		0		25		25
87		75		59		0		28		28
87		99		64		0		23		23
87		2115		43		1		43		44
89		155		87		2		0		2
89		2081		27		12		50		62
90		2179		79		1		10		11
90		3066		71		19		0		19
91		2049		15		5		71		76
91		2166		73		5		13		18
91		2181		79		0		12		12
91		2014		4		0		87		87
91		2088		31		13		47		60
92		2091		31		14		47		61
92		2161		69		9		14		23
92		154		87		0		5		5
93		159		91		2		0		2
93		2093		32		14		47		61
93		2096		32		14		47		61
95		3042		59		13		23		36
96		2156		69		14		13		27
96		3009		49		2		45		47
97		2090		31		2		64		66
100		2051		18		38		44		82
100		2025		9		2		89		91
100		2174		74		10		16		26
101		2041		14		5		82		87
101		2036		14		3		84		87
102		2108		38		13		51		64
102		2158		69		9		24		33
102		3035		53		11		38		49
103		2078		27		11		65		76
103		3015		50		3		50		53
106		2061		19		8		79		87
106		2113		43		11		52		63
107		2048		15		5		87		92
107		2065		21		8		78		86
107		2085		31		13		63		76
107		2087		31		13		63		76
108		2022		9		3		96		99
110		2073		22		10		78		88
112		2077		22		11		79		90
113		3055		69		15		29		44
116		2140		61		9		46		55
116		3098		85		31		0		31
118		2052		18		7		93		100
119		2106		38		13		68		81
119		2111		38		13		68		81
120		237		119		0		1		1
121		3062		70		17		34		51
121		231		118		0		3		3
121		2084		27		13		81		94
122		3109		88		34		0		34
123		2116		43		12		68		80
123		2119		43		12		68		80
123		2141		66		10		47		57
124		2071		22		9		93		102
125		2092		32		46		47		93
128		2176		79		15		34		49
128		3116		91		37		0		37
129		2074		22		10		97		107
130		2104		33		15		82		97
130		2105		33		15		82		97
131		2272		129		0		2		2
131		3071		72		20		39		59
132		135		84		0		48		48
132		132		82		0		50		50
132		130		82		0		50		50
132		202		103		0		29		29
132		223		111		0		21		21
132		216		108		0		24		24
132		209		107		0		25		25
132		259		132		0		0		0
132		2258		121		0		11		11
134		2264		124		0		10		10
135		2028		9		1		125		126
135		2139		61		22		52		74
136		2255		121		0		15		15
136		3027		51		8		77		85
136		3128		96		40		0		40
136		2129		50		11		75		86
137		2064		21		3		113		116
139		45		44		2		93		95
140		2251		116		0		24		24
140		2175		74		15		51		66
141		2237		113		0		28		28
142		2146		66		10		66		76
142		2057		19		1		122		123
142		229		118		22		2		24
143		2159		69		11		63		74
143		3135		101		42		0		42
144		2080		27		41		76		117
144		3139		101		43		0		43
147		2178		79		15		53		68
148		2180		79		16		53		69
149		2120		49		10		90		100
149		3005		48		1		100		101
149		2122		49		10		90		100
150		2125		49		11		90		101
150		3150		104		46		0		46
151		2160		69		13		69		82
151		2005		1		1		149		150
151		2007		1		2		148		150
152		2008		4		1		147		148
152		3044		66		11		75		86
153		3156		105		48		0		48
153		2131		50		11		92		103
154		2009		4		1		149		150
154		294		153		0		1		1
154		2165		73		14		67		81
154		2168		73		14		67		81
155		2253		121		0		34		34
156		2169		74		14		68		82
157		2044		15		5		137		142
157		301		156		0		1		1
158		2095		32		29		97		126
158		2019		8		2		148		150
158		2143		66		10		82		92
159		2213		109		4		46		50
166		2157		69		13		84		97
166		3018		50		5		111		116
167		267		137		0		30		30
168		2247		116		20		32		52
168		142		85		1		82		83
168		241		125		0		43		43
169		255		132		11		26		37
170		243		125		1		44		45
170		172		95		14		61		75
172		306		158		0		14		14
173		3185		115		58		0		58
173		285		152		0		21		21
173		234		119		0		54		54
174		334		171		0		3		3
174		145		85		0		89		89
175		3095		85		30		60		90
175		3096		85		30		60		90
175		133		82		0		93		93
175		162		91		0		84		84
177		2154		67		11		99		110
178		3023		51		6		121		127
179		3199		117		62		0		62
182		3101		86		32		64		96
185		2239		114		19		52		71
186		3059		70		16		100		116
188		37		41		1		146		147
188		34		33		1		154		155
188		30		33		0		155		155
188		230		118		3		67		70
188		254		132		0		56		56
188		251		128		0		60		60
188		247		128		1		59		60
188		242		125		0		63		63
188		208		107		3		78		81
188		206		107		38		43		81
188		288		152		0		36		36
188		324		165		0		23		23
188		319		162		0		26		26
188		313		159		0		29		29
188		309		158		0		30		30
188		350		174		0		14		14
188		380		188		0		0		0
188		2138		61		9		118		127
188		2050		18		7		163		170
188		2040		14		4		170		174
188		2198		103		17		68		85
188		2201		103		17		68		85
189		2322		178		0		11		11
189		2218		110		0		79		79
189		3063		70		17		102		119
190		2313		171		0		19		19
190		3220		122		68		0		68
191		2334		181		0		10		10
192		2098		32		19		141		160
193		2208		107		15		71		86
193		2089		31		14		148		162
193		2260		124		18		51		69
195		2212		109		17		69		86
195		2308		161		0		34		34
197		2083		27		32		138		170
197		3067		71		19		107		126
199		2222		110		17		72		89
199		3232		127		72		0		72
200		3237		127		73		0		73
201		3114		91		36		74		110
203		2221		110		11		82		93
203		2142		66		3		134		137
203		2226		112		18		73		91
203		2228		112		18		73		91
203		2231		112		18		73		91
204		2067		21		2		181		183
204		2196		98		15		91		106
206		2246		116		20		70		90
207		2033		10		3		194		197
208		2162		73		14		121		135
209		365		177		2		30		32
210		2170		74		14		122		136
210		402		196		0		14		14
210		376		182		1		27		28
210		2043		15		4		191		195
211		375		182		0		29		29
211		352		176		0		35		35
211		396		192		0		19		19
211		403		196		0		15		15
211		428		211		0		0		0
211		2277		148		7		56		63
211		3072		72		21		118		139
211		374		182		0		29		29
211		390		191		14		6		20
212		2263		124		18		70		88
212		2121		49		46		117		163
212		404		196		1		15		16
212		137		84		0		128		128
213		161		91		1		121		122
213		354		176		0		37		37
214		2214		109		17		88		105
214		143		85		13		116		129
214		253		128		0		86		86
214		2217		109		17		88		105
215		164		92		3		120		123
217		3255		140		77		0		77
218		2219		110		17		91		108
218		2177		79		15		124		139
218		2269		129		18		71		89
219		2107		38		29		152		181
219		2110		38		20		161		181
219		3079		75		23		121		144
221		2278		148		15		58		73
221		3084		75		24		122		146
221		2100		33		14		174		188
222		2233		113		18		91		109
223		2191		98		15		110		125
223		2193		98		15		110		125
224		3030		53		9		162		171
224		3032		53		10		161		171
225		2135		61		8		156		164
226		2164		73		35		118		153
226		3262		147		79		0		79
227		2288		155		3		69		72
227		2232		113		7		107		114
228		419		206		0		22		22
228		412		202		0		26		26
228		431		212		0		16		16
228		473		228		0		0		0
228		2257		121		18		89		107
229		2419		225		0		4		4
229		2227		112		16		101		117
230		470		227		0		3		3
230		461		223		0		7		7
231		2296		158		15		58		73
231		2299		158		15		58		73
231		454		222		0		9		9
231		467		227		0		4		4
232		3276		149		83		0		83
233		2205		107		15		111		126
234		2266		124		19		91		110
234		2060		19		8		207		215
234		2192		98		5		131		136
235		2235		113		0		122		122
236		2153		67		11		158		169
237		2332		181		9		47		56
238		498		238		0		0		0
240		2124		49		12		179		191
242		502		242		0		0		0
242		2054		18		4		220		224
243		2327		180		20		43		63
243		2216		109		8		126		134
243		2433		230		0		13		13
244		2425		227		0		17		17
245		512		245		0		0		0
246		2236		113		18		115		133
246		2411		218		5		23		28
246		2356		195		22		29		51
247		2203		103		3		141		144
248		2063		19		7		222		229
248		2339		191		6		51		57
248		3303		159		89		0		89
249		3307		159		90		0		90
250		2249		116		6		128		134
251		2262		124		2		125		127
252		2254		121		18		113		131
252		2289		155		17		80		97
253		2130		50		33		170		203
253		2133		50		5		198		203
255		3048		66		13		176		189
256		2046		15		5		236		241
256		2195		98		8		150		158
256		3318		162		94		0		94
257		2149		67		11		179		190
257		2398		216		7		34		41
258		2167		73		6		179		185
259		2304		161		16		82		98
259		2307		161		16		82		98
260		2184		93		16		151		167
264		2270		129		18		117		135
265		2336		181		20		64		84
265		3007		48		2		215		217
266		3051		69		14		183		197
269		2282		152		15		102		117
269		2285		152		15		102		117
269		516		249		1		19		20
270		514		249		0		21		21
271		2250		116		20		135		155
271		507		245		18		8		26
271		482		234		0		37		37
272		501		242		0		30		30
272		481		234		1		37		38
273		2292		155		17		101		118
274		2079		27		12		235		247
275		3189		115		59		101		160
278		2047		15		5		258		263
279		2311		171		13		95		108
279		2346		194		19		66		85
281		2230		112		15		154		169
284		2321		178		19		87		106
286		3024		51		7		228		235
288		2186		93		16		179		195
288		2358		198		11		79		90
289		2268		129		18		142		160
290		2329		180		20		90		110
290		2207		107		0		183		183
291		3358		184		107		0		107
291		2333		181		20		90		110
292		2273		129		19		144		163
292		2075		22		10		260		270
292		3363		184		108		0		108
292		2099		33		14		245		259
292		2103		33		14		245		259
294		2242		114		19		161		180
295		2204		107		4		184		188
295		3058		70		16		209		225
297		2248		116		20		161		181
298		2127		50		11		237		248
299		2312		171		18		110		128
300		2320		178		0		122		122
303		2387		211		19		73		92
303		2437		248		1		54		55
304		2045		15		5		284		289
306		2348		194		19		93		112
307		2302		161		16		130		146
308		2316		178		18		112		130
308		612		296		0		12		12
309		592		290		0		19		19
309		588		288		0		21		21
310		2183		93		16		201		217
310		614		296		1		13		14
310		603		291		2		17		19
314		2182		79		4		231		235
315		3065		71		18		226		244
316		2189		93		16		207		223
317		2271		129		18		170		188
317		2330		181		20		116		136
317		2275		148		15		154		169
318		2197		103		0		215		215
319		2155		69		12		238		250
319		3402		199		120		0		120
320		2118		43		8		269		277
320		660		319		0		1		1
321		3408		200		121		0		121
322		2373		206		18		98		116
323		2416		225		24		74		98
323		2376		206		19		98		117
323		2134		61		8		254		262
324		2128		50		11		263		274
324		2145		66		1		257		258
324		2224		110		5		209		214
326		2163		73		14		239		253
326		2587		320		0		6		6
326		2281		152		0		174		174
328		3423		203		125		0		125
329		2601		327		0		2		2
329		2256		121		4		204		208
329		2389		211		20		98		118
330		2392		211		20		99		119
331		2148		67		10		254		264
332		2352		195		18		119		137
332		3433		204		128		0		128
333		452		222		3		108		111
333		445		219		0		114		114
333		459		223		0		110		110
333		525		252		0		81		81
333		538		259		0		74		74
333		521		252		1		80		81
333		543		264		0		69		69
333		552		268		0		65		65
333		559		272		0		61		61
333		566		273		0		60		60
333		571		279		0		54		54
333		569		279		0		54		54
333		558		272		4		57		61
333		578		284		0		49		49
333		576		284		0		49		49
333		590		290		0		43		43
333		613		296		0		37		37
333		627		303		0		30		30
333		625		303		0		30		30
333		643		311		0		22		22
333		642		311		0		22		22
333		646		316		0		17		17
333		640		311		3		19		22
333		639		311		4		18		22
333		2357		195		19		119		138
333		2394		216		21		96		117
333		2397		216		21		96		117
335		694		329		0		6		6
336		704		333		3		0		3
336		2400		217		21		98		119
338		52		50		5		283		288
338		681		326		1		11		12
339		3444		207		132		0		132
340		3070		71		20		249		269
341		2187		93		16		232		248
341		2408		218		22		101		123
342		2323		180		19		143		162
342		3450		208		134		0		134
342		2366		202		18		122		140
343		2369		202		18		123		141
343		3454		208		135		0		135
345		3123		93		40		212		252
346		2328		180		15		151		166
346		2238		113		9		224		233
346		656		317		0		29		29
346		675		323		0		23		23
347		2241		114		19		214		233
347		677		323		0		24		24
347		691		329		12		6		18
348		653		317		0		31		31
348		654		317		2		29		31
349		687		326		0		23		23
351		2210		107		1		243		244
352		3464		214		138		0		138
354		2315		171		18		165		183
354		3468		214		140		0		140
356		2379		210		19		127		146
356		2381		210		19		127		146
356		2340		191		19		146		165
358		750		356		0		2		2
359		2343		191		19		149		168
359		2372		206		8		145		153
360		758		359		0		1		1
364		2303		161		8		195		203
364		3478		222		142		0		142
365		2459		260		23		82		105
365		2462		260		23		82		105
366		2284		152		7		207		214
369		2359		198		19		152		171
371		2335		181		5		185		190
371		2423		227		10		134		144
372		2324		180		19		173		192
375		2102		33		14		328		342
376		2240		114		19		243		262
378		2530		294		26		58		84
378		2485		268		26		84		110
378		2435		248		20		110		130
378		2436		248		20		110		130
379		2252		116		7		256		263
380		3500		231		149		0		149
382		806		380		0		2		2
383		3506		232		151		0		151
384		3510		232		152		0		152
385		709		342		31		12		43
389		2447		253		22		114		136
389		2446		253		0		136		136
389		2384		210		19		160		179
390		2347		194		4		192		196
391		2380		210		30		151		181
391		2431		230		8		153		161
392		2430		230		24		138		162
392		2540		298		1		93		94
392		3152		104		47		241		288
394		2710		382		0		12		12
394		3528		237		157		0		157
395		2114		43		12		340		352
395		2295		158		5		232		237
395		2291		155		0		240		240
396		2150		67		11		318		329
396		2434		230		2		164		166
396		2453		258		22		116		138
396		2151		67		11		318		329
397		2713		382		0		15		15
397		2726		385		1		11		12
397		2351		195		18		184		202
398		2353		195		18		185		203
398		2354		195		19		184		203
399		699		331		0		68		68
399		685		326		0		73		73
399		676		323		0		76		76
399		622		301		0		98		98
399		607		295		0		104		104
399		725		346		0		53		53
399		734		350		0		49		49
399		733		350		0		49		49
399		737		355		0		44		44
399		761		359		0		40		40
399		756		358		0		41		41
399		731		350		3		46		49
399		730		350		4		45		49
399		774		363		0		36		36
399		751		358		0		41		41
399		766		362		0		37		37
399		723		346		3		50		53
399		720		343		0		56		56
399		783		365		0		34		34
399		713		342		0		57		57
399		712		342		25		32		57
399		790		374		0		25		25
399		789		374		0		25		25
399		793		379		0		20		20
399		787		374		3		22		25
399		710		342		29		28		57
399		786		374		8		17		25
399		587		288		0		111		111
399		585		288		96		15		111
399		556		272		5		122		127
399		833		399		0		0		0
399		3536		239		160		0		160
400		2294		155		11		234		245
400		808		386		0		14		14
401		2319		178		19		204		223
401		2464		261		23		117		140
402		2403		217		22		163		185
404		2514		283		11		110		121
404		2720		383		3		18		21
404		3160		105		50		249		299
405		2591		322		31		52		83
405		3085		79		26		300		326
407		2362		198		19		190		209
407		2478		263		25		119		144
407		2480		263		25		119		144
407		2399		216		4		187		191
407		2410		218		23		166		189
407		2413		218		23		166		189
408		2265		124		6		278		284
408		50		44		3		361		364
408		810		386		1		21		22
409		826		398		0		11		11
410		2409		218		6		186		192
410		838		401		0		9		9
410		836		401		0		9		9
410		2524		292		26		92		118
411		820		395		0		16		16
411		809		386		0		25		25
411		865		411		0		0		0
411		2101		33		14		364		378
412		2225		112		18		282		300
412		859		410		0		2		2
414		2532		294		26		94		120
414		862		410		0		4		4
415		2438		248		20		147		167
415		3547		251		164		0		164
416		3552		251		165		0		165
417		2441		248		20		149		169
417		2244		114		20		283		303
417		3167		107		52		258		310
419		2070		21		44		354		398
420		2245		114		20		286		306
420		2391		211		7		202		209
422		2137		61		8		353		361
422		2544		298		26		98		124
422		2458		260		15		147		162
423		2424		227		24		172		196
423		2427		227		24		172		196
423		3090		79		28		316		344
425		2605		329		1		95		96
425		2550		300		16		109		125
425		2523		292		25		108		133
427		2200		103		31		293		324
428		2432		230		24		174		198
428		2172		74		14		340		354
428		2173		74		15		339		354
429		880		423		0		6		6
431		2506		278		26		127		153
431		888		424		0		7		7
431		881		423		0		8		8
432		853		405		0		27		27
432		555		272		11		149		160
432		852		405		1		26		27
432		851		405		2		25		27
432		837		401		0		31		31
432		846		404		0		28		28
432		819		395		1		36		37
432		551		268		3		161		164
432		814		395		3		34		37
432		894		432		0		0		0
432		2531		294		2		136		138
433		2450		258		22		153		175
433		2152		67		11		355		366
434		2388		211		2		221		223
435		2640		345		55		35		90
436		3172		110		54		272		326
437		2457		260		22		155		177
439		2467		261		23		155		178
439		2470		262		22		155		177
440		3587		266		174		0		174
443		2483		263		25		155		180
444		2188		93		16		335		351
445		2267		129		18		298		316
445		2287		152		0		293		293
447		3598		269		178		0		178
449		2190		98		15		336		351
449		2535		295		6		148		154
450		3604		270		180		0		180
451		2243		114		19		318		337
451		2488		268		26		157		183
451		2393		216		20		215		235
451		3608		270		181		0		181
457		3093		85		29		343		372
457		2415		225		24		208		232
458		2418		225		24		209		233
458		2541		298		25		135		160
458		2492		272		26		160		186
458		2495		272		27		159		186
458		2310		171		18		269		287
461		886		424		0		37		37
461		878		423		0		38		38
461		900		433		0		28		28
461		928		440		0		21		21
461		926		440		0		21		21
461		916		437		0		24		24
461		940		446		0		15		15
461		937		444		0		17		17
461		970		461		0		0		0
461		2443		253		21		187		208
461		2444		253		21		187		208
461		2445		253		21		187		208
464		947		447		1		16		17
465		2555		302		26		137		163
465		2557		302		26		137		163
465		942		446		0		19		19
465		2560		302		26		137		163
466		2741		400		7		59		66
466		948		447		3		16		19
466		950		447		0		19		19
467		938		444		0		23		23
470		2508		278		26		166		192
470		2511		278		26		166		192
470		2261		124		18		328		346
470		2361		198		16		256		272
473		3201		117		63		293		356
473		2211		109		16		348		364
474		2618		332		30		112		142
477		2490		268		10		199		209
477		2512		283		25		169		194
479		2515		283		26		170		196
479		2518		283		26		170		196
480		2401		217		22		241		263
481		2569		311		25		145		170
481		2572		311		26		144		170
481		2628		338		29		114		143
483		2314		171		14		298		312
483		3206		120		64		299		363
484		3207		120		65		299		364
486		2463		261		0		225		225
486		2919		478		0		8		8
486		2274		148		14		324		338
487		2519		292		25		170		195
488		2491		272		25		191		216
488		2921		478		0		10		10
489		2306		161		0		328		328
490		2766		410		2		78		80
491		2526		294		25		172		197
491		2683		364		3		124		127
491		1000		477		0		14		14
491		985		468		1		22		23
491		999		477		1		13		14
491		983		468		0		23		23
492		2342		191		53		248		301
492		912		437		38		17		55
493		2426		227		6		260		266
493		3661		299		194		0		194
495		2539		295		27		173		200
495		2449		258		33		204		237
498		548		268		152		78		230
498		2417		225		24		249		273
498		2420		225		24		249		273
499		2832		432		14		53		67
501		2549		300		25		176		201
501		2551		300		26		175		201
502		2598		327		28		147		175
503		3674		305		198		0		198
503		497		238		3		262		265
504		2337		191		18		295		313
504		491		237		0		267		267
505		3678		305		200		0		200
506		2171		74		14		418		432
507		3110		88		34		385		419
508		2614		330		29		149		178
514		2563		307		25		182		207
514		2566		307		25		182		207
520		3696		313		207		0		207
522		2497		272		8		242		250
523		2402		217		22		284		306
523		2625		338		29		156		185
525		2692		368		36		121		157
527		2473		262		23		242		265
530		3714		317		213		0		213
531		2632		342		29		160		189
531		348		174		355		2		357
531		2635		342		29		160		189
531		2326		180		20		331		351
532		2522		292		26		214		240
532		2276		148		15		369		384
533		2562		307		68		158		226
533		337		171		0		362		362
536		3412		200		122		214		336
536		303		158		377		1		378
536		205		107		38		391		429
536		2638		345		31		160		191
536		2641		345		31		160		191
536		2644		345		31		160		191
537		2527		294		25		218		243
537		282		152		384		1		385
539		2469		261		2		276		278
539		3239		128		73		338		411
540		3722		325		215		0		215
542		2592		322		27		193		220
542		3727		325		217		0		217
542		2595		322		27		193		220
543		2646		350		31		162		193
543		2649		350		31		162		193
543		2571		311		13		219		232
545		2556		302		1		242		243
545		175		95		0		450		450
547		2700		374		7		166		173
548		115		78		0		470		470
554		3429		204		127		223		350
556		3248		129		75		352		427
557		2611		330		29		198		227
558		2661		360		34		164		198
564		3766		339		225		0		225
565		2620		332		30		203		233
567		3772		340		227		0		227
568		2317		178		18		372		390
568		3776		340		228		0		228
574		2575		312		26		236		262
575		3786		348		227		0		227
576		2185		93		16		467		483
577		2752		407		36		134		170
577		2755		407		36		134		170
578		2759		408		36		134		170
578		3126		93		40		445		485
579		3073		72		21		486		507
581		2701		375		36		170		206
584		3801		352		232		0		232
585		2584		320		25		240		265
587		2533		295		26		266		292
587		2536		295		26		266		292
592		2721		383		35		174		209
595		2779		419		36		140		176
596		2725		385		35		176		211
596		2728		385		35		176		211
596		3254		140		77		379		456
596		2309		171		17		408		425
598		3824		361		237		0		237
602		2500		276		25		301		326
603		2503		276		25		302		327
603		3081		75		23		505		528
605		2606		329		29		247		276
605		2609		329		29		247		276
609		2666		361		34		214		248
609		2827		432		39		138		177
609		3843		366		243		0		243
611		2344		194		18		399		417
611		2345		194		18		399		417
612		2674		362		34		216		250
612		2675		362		35		215		250
613		2677		362		35		216		251
613		2678		362		35		216		251
613		2623		332		30		251		281
613		2561		307		25		281		306
622		2318		178		19		425		444
623		2744		403		37		183		220
624		2747		403		37		184		221
624		2689		368		35		221		256
626		3144		103		44		479		523
627		3270		148		81		398		479
628		3871		376		252		0		252
629		2325		180		20		429		449
630		2331		181		20		429		449
633		2582		320		25		288		313
636		2589		322		27		287		314
637		2772		416		36		185		221
637		2712		382		34		221		255
638		2716		383		34		221		255
638		2968		496		48		94		142
640		2862		455		41		144		185
642		2784		419		37		186		223
642		2722		385		35		222		257
643		2877		459		40		144		184
643		2421		227		24		392		416
645		2422		227		24		394		418
646		2597		327		28		291		319
646		2787		426		36		184		220
649		2338		191		19		439		458
649		2800		428		37		184		221
649		2803		428		37		184		221
649		2429		230		24		395		419
650		3916		388		262		0		262
650		2810		429		37		184		221
651		2386		211		19		421		440
651		3516		234		154		263		417
651		3517		234		154		263		417
653		3919		390		263		0		263
654		3922		390		264		0		264
654		2833		432		39		183		222
658		2731		399		37		222		259
659		2732		399		37		223		260
659		2684		364		35		260		295
660		2355		195		19		446		465
660		2737		400		37		223		260
661		2923		478		40		143		183
661		3929		396		265		0		265
662		2843		438		40		184		224
662		2846		438		40		184		224
663		2851		439		40		184		224
663		2854		439		41		183		224
663		3932		397		266		0		266
664		3933		397		267		0		267
664		2471		262		23		379		402
665		2687		368		35		262		297
667		2750		407		36		224		260
670		2698		374		36		260		296
672		2860		448		42		182		224
674		2586		320		26		328		354
675		3293		155		86		434		520
676		2775		416		36		224		260
679		2718		383		34		262		296
680		3298		158		88		434		522
681		2977		497		49		135		184
683		2886		460		40		183		223
684		2889		460		40		184		224
685		2599		327		28		330		358
685		2600		327		29		329		358
685		2602		327		29		329		358
686		2796		427		37		222		259
686		2498		276		25		385		410
686		2890		466		39		181		220
686		2892		466		39		181		220
686		2895		466		39		181		220
687		2903		467		40		180		220
688		2814		430		37		221		258
688		2817		430		38		220		258
689		2821		431		38		220		258
689		2824		431		38		220		258
690		2669		361		34		295		329
691		2904		473		39		179		218
691		2906		473		39		179		218
691		2999		513		50		128		178
693		3991		417		276		0		276
693		2835		437		39		217		256
693		2838		437		39		217		256
694		2736		400		37		257		294
694		3088		79		28		587		615
695		2926		481		41		173		214
696		2472		262		23		411		434
700		2760		408		36		256		292
700		2938		486		45		169		214
701		2520		292		25		384		409
702		2767		410		36		256		292
702		2770		410		36		256		292
703		2855		448		41		214		255
706		3324		163		96		447		543
709		2652		351		31		327		358
710		3169		110		53		547		600
711		3174		110		55		546		601
712		2781		419		36		257		293
712		2870		456		41		215		256
712		2873		456		41		215		256
713		3583		266		173		274		447
714		2878		459		40		215		255
714		2882		459		40		215		255
715		2442		253		21		441		462
716		2786		426		36		254		290
718		2807		429		37		252		289
718		2897		467		40		211		251
718		2900		467		40		211		251
719		2662		360		34		325		359
720		2828		432		39		249		288
720		2909		473		39		208		247
721		2911		475		39		207		246
723		2680		364		34		325		359
723		2456		260		22		441		463
724		2920		478		40		206		246
724		2739		400		38		286		324
724		2742		400		38		286		324
725		2848		439		40		246		286
726		2578		312		26		388		414
728		2405		217		22		489		511
728		2406		217		23		488		511
728		2754		407		36		285		321
728		2756		407		36		285		321
728		2407		218		22		488		510
729		2758		408		36		285		321
730		2761		408		36		286		322
731		3619		274		184		273		457
733		2949		492		45		196		241
735		2956		493		47		195		242
735		2958		493		47		195		242
736		2961		494		47		195		242
738		2864		455		41		242		283
739		3636		277		188		274		462
740		2985		498		50		192		242
741		2414		225		24		492		516
741		2876		459		40		242		282
741		2883		460		39		242		281
742		2788		426		36		280		316
742		3193		116		61		565		626
744		2794		427		36		281		317
744		3349		178		104		462		566
744		3097		85		31		628		659
749		2729		399		37		313		350
749		2918		478		40		231		271
750		2924		478		41		231		272
750		2738		400		38		312		350
751		2930		481		41		229		270
752		2475		262		24		466		490
752		2404		217		22		513		535
752		2477		263		25		464		489
754		2937		486		45		223		268
754		2763		408		36		310		346
754		3205		120		64		570		634
754		2695		374		36		344		380
754		2702		375		36		343		379
755		2858		448		42		265		307
755		2704		375		36		344		380
758		2955		493		47		218		265
758		2959		493		47		218		265
758		3211		121		66		571		637
759		2529		294		26		439		465
759		3366		188		109		462		571
760		2715		383		34		343		377
760		2717		383		34		343		377
761		2969		496		48		217		265
761		2970		496		48		217		265
766		2982		498		50		218		268
767		2789		426		36		305		341
767		2791		426		36		305		341
767		2428		230		24		513		537
768		3216		121		67		580		647
768		2990		508		49		211		260
769		2993		508		49		212		261
769		2505		278		25		466		491
769		3373		189		112		468		580
769		2667		361		34		374		408
771		2995		513		49		209		258
771		2617		332		30		409		439
772		2733		399		37		336		373
773		3222		122		69		582		651
775		2474		262		24		489		513
775		2476		262		24		489		513
777		3379		194		113		470		583
779		2941		491		45		243		288
779		2639		345		31		403		434
780		2951		492		46		242		288
780		2952		492		46		242		288
781		2583		320		25		436		461
781		2534		295		26		460		486
782		2709		382		34		366		400
783		2866		455		41		287		328
783		2655		351		32		400		432
784		2974		497		49		238		287
785		2879		459		40		286		326
787		2659		360		33		394		427
787		2660		360		33		394		427
787		3702		314		209		264		473
787		2663		360		34		393		427
787		2664		360		34		393		427
788		2668		361		34		393		427
788		2996		513		49		226		275
790		2681		364		34		392		426
792		3709		317		211		264		475
793		2929		481		41		271		312
793		2576		312		26		455		481
794		2932		486		44		264		308
795		2703		375		36		384		420
796		3404		199		120		477		597
798		2528		294		26		478		504
798		2590		322		27		449		476
799		2972		496		48		255		303
800		2654		351		32		417		449
800		2863		455		41		304		345
801		2657		351		33		417		450
802		2658		351		33		418		451
802		2723		385		35		382		417
802		2547		300		25		477		502
802		2548		300		25		477		502
803		2554		302		26		475		501
806		2734		399		37		370		407
806		2922		478		40		288		328
806		3729		326		218		262		480
808		2579		312		26		470		496
808		2580		312		26		470		496
808		2581		312		26		470		496
809		2765		410		36		363		399
809		2856		448		41		320		361
811		2943		491		45		275		320
812		2966		494		48		270		318
813		2719		383		34		396		430
813		2975		497		49		267		316
814		2596		327		28		459		487
815		2603		329		29		457		486
815		2604		329		29		457		486
817		2841		438		40		339		379
818		2513		283		25		510		535
818		2849		439		40		339		379
820		2764		410		36		374		410
822		2653		351		31		440		471
822		2967		496		48		278		326
824		2785		426		36		362		398
826		2912		475		39		312		351
826		2914		475		39		312		351
827		2682		364		35		428		463
827		2925		481		41		305		346
827		2928		481		41		305		346
828		2577		312		26		490		516
828		2757		408		36		384		420
829		2936		486		44		299		343
830		2940		491		45		294		339
830		3038		59		12		759		771
831		2980		497		49		285		334
832		2792		427		36		369		405
833		2898		467		40		326		366
833		2988		508		49		276		325
833		2665		360		34		439		473
835		2917		475		40		320		360
837		2706		375		36		426		462
837		3790		348		228		261		489
838		2946		492		45		301		346
839		2947		492		45		302		347
839		2588		320		26		493		519
840		2978		497		49		294		343
840		2656		351		33		456		489
840		2778		419		36		385		421
840		2880		459		40		341		381
841		2670		361		34		446		480
841		2998		513		50		278		328
842		2913		475		39		328		367
842		2740		400		38		404		442
842		2927		481		41		320		361
842		2934		486		44		312		356
843		2521		292		25		526		551
843		2857		448		41		354		395
843		3805		352		233		258		491
844		3807		353		233		258		491
845		2979		497		49		299		348
845		2884		460		40		345		385
846		2931		481		41		324		365
847		2705		375		36		436		472
847		2707		375		36		436		472
847		2939		491		45		311		356
848		2829		432		39		377		416
848		2830		432		39		377		416
848		2831		432		39		377		416
849		2997		513		49		287		336
849		2916		475		40		334		374
850		2948		492		45		313		358
850		2950		492		46		312		358
850		3473		216		142		492		634
850		2585		320		25		505		530
851		2793		427		36		388		424
853		2973		496		48		309		357
853		2915		475		40		338		378
854		2933		486		44		324		368
854		2953		493		46		315		361
855		2935		486		44		325		369
855		3822		361		236		258		494
855		2960		494		47		314		361
858		3258		140		78		640		718
865		3833		363		240		262		502
873		3477		222		142		509		651
896		3860		369		248		279		527
899		3486		225		145		529		674
921		3491		230		146		545		691
925		3876		377		254		294		548
926		3877		377		254		295		549
931		3496		230		147		554		701
933		3272		148		82		703		785
939		3885		381		256		302		558
940		3886		381		256		303		559
950		3146		103		45		802		847
951		3274		149		82		720		802
956		3903		384		261		311		572
967		3278		149		84		734		818
971		3911		388		261		322		583
979		3148		104		46		829		875
982		3923		390		264		328		592
1029		3960		405		272		352		624
1030		3961		405		272		353		625
1046		3300		158		88		800		888
1046		3162		107		51		888		939
1049		3540		249		161		639		800
1059		3979		415		273		371		644
1060		3980		415		274		371		645
1085		3559		253		167		665		832
1087		3310		161		92		834		926
1089		3314		161		93		835		928
1098		3573		258		170		670		840
1100		3322		162		96		842		938
1102		3323		163		96		843		939
1103		3325		163		96		844		940
1109		3580		261		173		675		848
1111		3017		50		4		1057		1061
1123		3176		113		55		955		1010
1125		3331		169		98		858		956
1128		39		41		2		1085		1087
1136		3600		269		178		689		867
1142		3179		113		56		973		1029
1143		3181		113		57		973		1030
1157		3184		115		57		985		1042
1158		3186		115		58		985		1043
1169		97		64		20		1085		1105
1173		3342		175		103		895		998
1178		3195		116		61		1001		1062
1180		3345		178		103		899		1002
1188		3351		182		105		901		1006
1230		3370		188		111		931		1042
1231		3371		188		111		932		1043
1255		3685		307		202		746		948
1260		3382		194		114		952		1066
1261		3384		194		115		952		1067
1268		3687		311		204		753		957
1274		3386		196		115		963		1078
1281		3700		313		208		760		968
1293		3396		198		118		977		1095
1295		3398		198		118		979		1097
1320		187		98		50		1172		1222
1320		3414		202		122		996		1118
1329		3419		202		124		1003		1127
1339		290		153		88		1098		1186
1346		3748		330		222		794		1016
1356		3435		206		128		1022		1150
1360		297		156		90		1114		1204
1365		3118		91		38		1236		1274
1373		79		61		14		1298		1312
1374		3768		339		226		809		1035
1383		3039		59		12		1312		1324
1392		3041		59		12		1321		1333
1393		3120		93		39		1261		1300
1416		3127		96		40		1280		1320
1418		3806		353		232		833		1065
1426		326		165		98		1163		1261
1429		3133		96		42		1291		1333
1433		3815		359		235		839		1074
1443		3257		140		78		1225		1303
1468		3849		368		245		855		1100
1472		3138		101		43		1328		1371
1474		3857		369		247		858		1105
1481		344		172		109		1200		1309
1481		3141		103		43		1335		1378
1482		3261		147		78		1257		1335
1489		3865		374		249		866		1115
1494		3267		148		80		1266		1346
1499		3875		376		253		870		1123
1500		3494		230		146		1124		1270
1514		3502		231		150		1133		1283
1545		3515		234		154		1157		1311
1549		379		182		120		1247		1367
1549		3920		390		264		895		1159
1556		3281		152		84		1320		1404
1565		3284		152		85		1328		1413
1566		3286		152		85		1329		1414
1571		648		316		209		1046		1255
1577		3942		399		268		910		1178
1589		3288		155		85		1349		1434
1591		3291		155		86		1350		1436
1606		3295		158		87		1361		1448
1610		244		125		70		1415		1485
1611		3969		408		273		930		1203
1619		246		125		71		1423		1494
1625		3165		107		52		1466		1518
1628		3975		415		272		941		1213
1632		3981		416		274		942		1216
1634		3986		416		275		943		1218
1638		3988		417		275		946		1221
1645		3555		253		166		1226		1392
1657		3561		257		167		1233		1400
1660		3566		257		168		1235		1403
1666		3571		258		170		1238		1408
1675		3578		261		172		1242		1414
1690		3589		268		175		1247		1422
1692		3592		268		176		1248		1424
1695		3334		169		99		1427		1526
1711		3615		272		183		1256		1439
1716		3618		274		183		1259		1442
1720		3623		274		185		1261		1446
1723		3625		276		185		1262		1447
1725		471		228		153		1344		1497
1725		3629		276		186		1263		1449
1727		3337		175		101		1451		1552
1728		101		74		23		1631		1654
1731		3633		277		187		1267		1454
1760		3639		292		188		1280		1468
1763		3643		292		189		1282		1471
1773		3645		296		189		1288		1477
1781		3652		298		191		1292		1483
1783		517		249		164		1370		1534
1789		3659		299		194		1296		1490
1795		3214		121		67		1607		1674
1799		3669		300		197		1302		1499
1806		3376		189		113		1504		1617
1809		3218		122		68		1619		1687
1818		3681		307		201		1310		1511
1827		3026		51		7		1769		1776
1828		3225		125		70		1633		1703
1832		3690		311		205		1316		1521
1833		3692		311		206		1316		1522
1842		3701		314		209		1319		1528
1849		3393		198		117		1534		1651
1855		3712		317		212		1326		1538
1856		3713		317		213		1326		1539
1858		3400		199		119		1540		1659
1861		3233		127		72		1662		1734
1864		958		452		247		1165		1412
1864		3411		200		122		1542		1664
1865		3715		323		213		1329		1542
1878		3417		202		123		1553		1676
1879		339		172		107		1600		1707
1888		119		78		32		1778		1810
1888		3741		327		222		1339		1561
1891		3425		203		125		1563		1688
1894		3743		330		221		1343		1564
1898		986		468		248		1182		1430
1910		3438		206		129		1575		1704
1915		3751		337		222		1356		1578
1919		3755		337		223		1359		1582
1920		3756		337		223		1360		1583
1928		3442		207		131		1590		1721
1936		3446		207		132		1597		1729
1944		3778		342		227		1375		1602
1951		128		82		35		1834		1869
1959		3457		210		136		1613		1749
1964		3461		210		138		1616		1754
1966		3792		350		229		1387		1616
1969		3797		350		231		1388		1619
1986		3470		216		141		1629		1770
1993		3475		216		143		1634		1777
1997		690		329		224		1444		1668
1997		3253		140		77		1780		1857
2000		3256		140		78		1782		1860
2006		3834		364		240		1402		1642
2013		3479		222		143		1648		1791
2018		3844		366		243		1409		1652
2023		3136		101		42		1880		1922
2027		3853		368		245		1414		1659
2031		422		211		135		1685		1820
2031		3856		369		246		1416		1662
2038		739		355		225		1458		1683
2038		3260		147		78		1813		1891
2048		3870		376		252		1420		1672
2048		3872		376		252		1420		1672
2059		3883		381		255		1423		1678
2068		268		142		78		1848		1926
2068		3895		382		259		1427		1686
2071		451		222		146		1703		1849
2123		3944		399		269		1455		1724
2128		3946		401		269		1458		1727
2132		850		405		240		1487		1727
2140		3956		403		271		1466		1737
2141		3958		403		271		1467		1738
2143		3159		105		50		1988		2038
2151		3087		79		27		2045		2072
2167		3306		159		90		1918		2008
2175		3984		416		274		1485		1759
2181		327		165		98		1918		2016
2182		3993		417		276		1489		1765
2186		3996		420		276		1490		1766
2196		3319		162		95		1939		2034
2198		3568		258		169		1771		1940
2205		3575		261		171		1773		1944
2208		332		171		104		1933		2037
2219		3586		266		174		1779		1953
2221		3008		49		1		2171		2172
2227		3596		269		177		1781		1958
2233		3607		270		180		1783		1963
2237		3610		272		181		1784		1965
2238		589		288		187		1763		1950
2239		3613		272		182		1785		1967
2252		3632		277		186		1789		1975
2263		3197		117		62		2084		2146
2276		3359		184		107		1985		2092
2285		93		64		18		2203		2221
2294		3655		298		192		1804		1996
2300		3663		299		195		1806		2001
2301		3666		300		196		1805		2001
2302		665		319		218		1765		1983
2303		395		192		127		1984		2111
2305		3671		300		197		1808		2005
2307		3374		189		113		2005		2118
2314		144		85		38		2191		2229
2316		3677		305		199		1812		2011
2318		148		85		40		2193		2233
2334		414		202		133		1999		2132
2350		729		346		226		1778		2004
2356		435		212		141		2003		2144
2361		3723		325		216		1820		2036
2368		3735		326		220		1822		2042
2371		3738		327		221		1823		2044
2374		3421		203		124		2047		2171
2377		773		363		235		1779		2014
2379		449		219		145		2015		2160
2379		3746		330		222		1827		2049
2382		3244		128		75		2179		2254
2385		3432		204		128		2053		2181
2389		3249		129		76		2184		2260
2393		3440		206		130		2057		2187
2394		3251		129		77		2188		2265
2397		3757		338		223		1836		2059
2403		475		228		153		2022		2175
2406		813		386		236		1784		2020
2411		487		237		155		2019		2174
2412		3781		342		228		1842		2070
2413		3783		342		228		1843		2071
2417		3453		208		135		2074		2209
2430		3795		350		230		1850		2080
2439		3808		353		233		1853		2086
2443		3467		214		140		2089		2229
2453		3816		359		235		1859		2094
2454		528		254		168		2032		2200
2456		3014		49		3		2404		2407
2459		3826		361		238		1860		2098
2466		892		432		239		1795		2034
2469		899		433		241		1795		2036
2470		3837		364		241		1865		2106
2472		3839		364		242		1866		2108
2474		3003		48		1		2425		2426
2480		3847		366		244		1870		2114
2484		921		439		244		1801		2045
2508		3878		377		254		1877		2131
2515		343		172		108		2235		2343
2515		3498		231		148		2136		2284
2521		3893		382		259		1880		2139
2527		583		288		185		2054		2239
2552		3522		235		155		2162		2317
2554		3149		104		46		2404		2450
2564		3931		396		266		1902		2168
2573		3939		399		268		1906		2174
2578		3537		239		160		2179		2339
2586		662		319		217		2050		2267
2593		3962		405		272		1916		2188
2618		3548		251		164		2203		2367
2627		3989		417		275		1935		2210
2634		3998		420		277		1937		2214
2640		755		358		231		2051		2282
2640		3317		162		94		2384		2478
2650		3049		66		13		2571		2584
2669		3594		268		176		2225		2401
2670		3332		169		99		2402		2501
2685		3620		274		184		2227		2411
2690		841		401		239		2050		2289
2698		3637		277		188		2233		2421
2702		3190		116		59		2527		2586
2707		299		156		90		2461		2551
2708		863		411		241		2056		2297
2715		3100		86		31		2598		2629
2721		3102		86		32		2603		2635
2727		316		159		95		2473		2568
2732		111		76		27		2629		2656
2734		3208		120		65		2549		2614
2744		3657		298		193		2253		2446
2747		3369		188		110		2449		2559
2756		3219		122		68		2566		2634
2756		3221		122		69		2565		2634
2760		116		78		32		2650		2682
2764		976		467		246		2051		2297
2778		3695		313		207		2258		2465
2783		3703		314		209		2260		2469
2786		3230		125		71		2590		2661
2793		366		181		116		2496		2612
2794		367		181		117		2496		2613
2815		239		119		71		2625		2696
2819		3739		327		221		2271		2492
2829		3245		128		75		2626		2701
2844		3760		338		223		2283		2506
2846		3762		338		224		2284		2508
2848		3764		339		224		2285		2509
2854		3775		340		228		2286		2514
2857		732		350		225		2282		2507
2861		438		216		141		2504		2645
2862		759		359		231		2272		2503
2877		3800		352		231		2294		2525
2878		3802		352		232		2294		2526
2879		465		227		151		2501		2652
2899		3259		140		78		2681		2759
2904		842		404		239		2261		2500
2911		298		156		90		2665		2755
2916		3842		366		243		2307		2550
2927		3861		369		248		2310		2558
2932		3489		225		146		2561		2707
2937		3862		374		249		2314		2563
2939		3867		374		250		2315		2565
2941		3143		103		44		2794		2838
2966		3900		384		260		2322		2582
2969		995		476		249		2244		2493
2969		3509		232		152		2585		2737
2970		3275		149		83		2738		2821
2972		3904		386		260		2326		2586
2989		3519		235		154		2600		2754
2993		3521		235		155		2603		2758
2994		3524		235		156		2603		2759
2999		635		308		204		2487		2691
3003		659		317		215		2471		2686
3006		666		319		218		2469		2687
3015		702		333		225		2457		2682
3018		3157		105		49		2864		2913
3023		3951		401		270		2352		2622
3039		3970		408		273		2358		2631
3046		3164		107		51		2888		2939
3047		3304		159		89		2799		2888
3050		3545		249		163		2638		2801
3054		3977		415		273		2366		2639
3127		3192		116		60		2951		3011
3143		3104		86		33		3024		3057
3156		3650		296		191		2669		2860
3186		3111		88		35		3063		3098
3199		3391		196		116		2887		3003
3201		3697		313		208		2680		2888
3222		3401		199		119		2904		3023
3223		3403		199		120		2904		3024
3227		3409		200		122		2905		3027
3230		3720		323		215		2692		2907
3246		968		461		247		2538		2785
3281		3040		59		12		3210		3222
3326		3083		75		24		3227		3251
3331		904		433		243		2655		2898
3334		3029		53		9		3272		3281
3343		3487		225		145		2973		3118
3345		3034		53		11		3281		3292
3349		3266		147		80		3122		3202
3364		3884		381		256		2727		2983
3368		3890		382		257		2729		2986
3374		3898		384		259		2731		2990
3376		3902		384		260		2732		2992
3398		3529		237		157		3004		3161
3418		3535		239		160		3019		3179
3427		3953		403		270		2754		3024
3441		3972		408		274		2759		3033
3479		3570		258		169		3052		3221
3481		3326		163		97		3221		3318
3487		3171		110		54		3323		3377
3500		3597		269		177		3054		3231
3512		3056		69		15		3428		3443
3534		3099		86		31		3417		3448
3536		3356		182		107		3247		3354
3545		3362		184		108		3253		3361
3558		3654		298		191		3069		3260
3565		3668		300		196		3069		3265
3580		3108		88		34		3458		3492
3584		3112		88		35		3461		3496
3586		3381		194		114		3278		3392
3608		3711		317		212		3079		3291
3611		3069		71		19		3521		3540
3637		3422		203		124		3310		3434
3645		3247		129		75		3441		3516
3647		3437		206		129		3312		3441
3650		3753		337		222		3091		3313
3654		3443		207		131		3316		3447
3655		3765		339		225		3091		3316
3656		3767		339		225		3092		3317
3658		3445		207		132		3319		3451
3659		3773		340		227		3092		3319
3666		3780		342		228		3096		3324
3668		3451		208		134		3326		3460
3671		3122		93		39		3539		3578
3680		3794		350		230		3100		3330
3682		3075		72		22		3588		3610
3691		3132		96		42		3553		3595
3703		923		439		244		3020		3264
3707		3829		363		238		3106		3344
3716		3004		48		1		3667		3668
3716		3137		101		42		3573		3615
3723		195		99		53		3571		3624
3730		3864		374		249		3107		3356
3738		3493		230		146		3362		3508
3745		3887		381		256		3108		3364
3747		3892		382		258		3107		3365
3756		3909		386		261		3109		3370
3761		3912		388		261		3112		3373
3764		3518		234		155		3375		3530
3766		3918		390		263		3113		3376
3769		3523		235		156		3378		3534
3769		3525		235		156		3378		3534
3771		3283		152		84		3535		3619
3773		3531		237		158		3378		3536
3774		3532		237		158		3379		3537
3779		3937		397		267		3115		3382
3807		417		206		134		3467		3601
3807		542		264		175		3368		3543
3807		855		405		241		3161		3402
3807		386		188		123		3496		3619
3807		977		467		247		3093		3340
3807		645		311		209		3287		3496
3807		680		323		224		3260		3484
3807		550		268		178		3361		3539
3807		867		411		242		3154		3396
3807		212		108		59		3640		3699
3807		124		80		35		3692		3727
3807		631		303		200		3304		3504
3807		261		137		74		3596		3670
3807		575		279		181		3347		3528
3807		134		82		35		3690		3725
3807		933		444		244		3119		3363
3807		951		447		246		3114		3360
3807		815		395		234		3178		3412
3807		901		433		241		3133		3374
3807		637		308		205		3294		3499
3807		804		380		236		3191		3427
3807		930		440		245		3122		3367
3807		77		59		14		3734		3748
3807		106		74		25		3708		3733
3807		531		254		169		3384		3553
3807		406		196		131		3480		3611
3807		158		91		44		3672		3716
3807		562		273		179		3355		3534
3807		245		125		71		3611		3682
3807		765		362		233		3212		3445
3807		871		421		238		3148		3386
3807		227		118		67		3622		3689
3807		204		103		57		3647		3704
3807		772		363		234		3210		3444
3807		546		264		176		3367		3543
3807		65		57		12		3738		3750
3807		423		211		135		3461		3596
3807		896		432		241		3134		3375
3807		228		118		67		3622		3689
3807		163		92		45		3670		3715
3807		953		447		247		3113		3360
3807		211		107		59		3641		3700
3807		509		245		162		3400		3562
3807		565		273		181		3353		3534
3807		545		264		176		3367		3543
3807		606		295		192		3320		3512
3807		391		191		126		3490		3616
3807		149		87		41		3679		3720
3807		286		152		87		3568		3655
3807		649		316		210		3281		3491
3807		633		308		203		3296		3499
3807		181		97		48		3662		3710
3807		988		468		249		3090		3339
3807		269		142		79		3586		3665
3807		593		290		187		3330		3517
3807		748		356		228		3223		3451
3807		466		227		152		3428		3580
3807		775		363		235		3209		3444
3807		219		111		62		3634		3696
3807		617		296		195		3316		3511
3807		745		356		227		3224		3451
3807		963		460		246		3101		3347
3807		388		191		125		3491		3616
3807		203		103		56		3648		3704
3807		890		424		242		3141		3383
3807		171		95		45		3667		3712
3807		304		158		90		3559		3649
3807		92		62		18		3727		3745
3807		618		301		196		3310		3506
3807		385		188		122		3497		3619
3807		69		57		13		3737		3750
3807		462		223		149		3435		3584
3807		40		41		2		3764		3766
3807		139		84		36		3687		3723
3807		333		171		105		3531		3636
3807		490		237		156		3414		3570
3807		363		177		115		3515		3630
3807		527		254		168		3385		3553
3807		972		461		248		3098		3346
3807		811		386		235		3186		3421
3807		347		174		109		3524		3633
3807		277		147		85		3575		3660
3807		902		433		242		3132		3374
3807		955		452		246		3109		3355
3807		554		268		178		3361		3539
3807		570		279		180		3348		3528
3807		914		437		243		3127		3370
3807		48		44		3		3760		3763
3807		420		206		134		3467		3601
3807		463		223		150		3434		3584
3807		500		242		159		3406		3565
3807		932		440		245		3122		3367
3807		80		61		15		3731		3746
3807		73		59		13		3735		3748
3807		150		87		42		3678		3720
3807		399		192		128		3487		3615
3807		574		279		180		3348		3528
3807		621		301		197		3309		3506
3807		447		219		144		3444		3588
3807		407		196		132		3479		3611
3807		849		405		240		3162		3402
3807		355		176		111		3520		3631
3807		322		162		97		3548		3645
3807		377		182		119		3506		3625
3807		197		99		54		3654		3708
3807		444		219		143		3445		3588
3807		952		447		247		3113		3360
3807		292		153		89		3565		3654
3807		524		252		166		3389		3555
3807		434		212		140		3455		3595
3807		581		284		184		3339		3523
3807		107		76		26		3705		3731
3807		378		182		120		3505		3625
3807		949		447		246		3114		3360
3807		661		319		217		3271		3488
3807		368		181		117		3509		3626
3807		53		50		5		3752		3757
3807		173		95		46		3666		3712
3807		513		249		164		3394		3558
3807		792		374		235		3198		3433
3807		740		355		225		3227		3452
3807		858		410		240		3157		3397
3807		421		206		135		3466		3601
3807		832		399		237		3171		3408
3807		382		188		121		3498		3619
3807		200		103		56		3648		3704
3807		979		467		247		3093		3340
3807		146		85		38		3684		3722
3807		689		329		223		3255		3478
3807		990		476		248		3083		3331
3807		448		219		144		3444		3588
3807		121		80		33		3694		3727
3807		356		176		111		3520		3631
3807		81		61		15		3731		3746
3807		307		158		91		3558		3649
3807		442		216		142		3449		3591
3807		511		245		163		3399		3562
3807		147		85		39		3683		3722
3807		276		147		85		3575		3660
3807		919		439		243		3125		3368
3807		975		467		246		3094		3340
3807		889		424		242		3141		3383
3807		615		296		195		3316		3511
3807		817		395		234		3178		3412
3807		582		284		185		3338		3523
3807		108		76		26		3705		3731
3807		655		317		213		3277		3490
3807		812		386		236		3185		3421
3807		715		342		225		3240		3465
3807		724		346		225		3236		3461
3807		668		322		219		3266		3485
3807		781		365		237		3205		3442
3807		289		153		88		3566		3654
3807		626		303		198		3306		3504
3807		795		379		233		3195		3428
3807		165		92		45		3670		3715
3807		519		249		166		3392		3558
3807		767		362		233		3212		3445
3807		291		153		89		3565		3654
3807		547		264		177		3366		3543
3807		486		237		154		3416		3570
3807		192		99		51		3657		3708
3807		876		421		240		3146		3386
3807		138		84		36		3687		3723
3807		610		295		193		3319		3512
3807		523		252		166		3389		3555
3807		506		245		162		3400		3562
3807		868		411		242		3154		3396
3807		400		192		129		3486		3615
3807		887		424		241		3142		3383
3807		170		95		45		3667		3712
3807		839		401		238		3168		3406
3807		342		172		108		3527		3635
3807		483		234		154		3419		3573
3807		160		91		45		3671		3716
3807		716		343		225		3239		3464
3807		169		92		45		3670		3715
3807		657		317		214		3276		3490
3807		236		119		70		3618		3688
3807		283		152		87		3568		3655
3807		560		272		179		3356		3535
3807		728		346		226		3235		3461
3807		897		432		241		3134		3375
3807		177		97		48		3662		3710
3807		105		74		24		3709		3733
3807		796		379		233		3195		3428
3807		389		191		126		3490		3616
3807		265		137		77		3593		3670
3807		678		323		222		3262		3484
3807		91		62		17		3728		3745
3807		441		216		142		3449		3591
3807		577		284		183		3340		3523
3807		667		322		218		3267		3485
3807		906		436		243		3128		3371
3807		931		440		245		3122		3367
3807		879		423		240		3144		3384
3807		770		362		234		3211		3445
3807		641		311		208		3288		3496
3807		60		55		10		3742		3752
3807		561		272		179		3356		3535
3807		258		132		73		3602		3675
3807		594		290		188		3329		3517
3807		257		132		72		3603		3675
3807		779		365		236		3206		3442
3807		468		227		153		3427		3580
3807		741		355		225		3227		3452
3807		189		98		50		3659		3709
3807		180		97		48		3662		3710
3807		628		303		199		3305		3504
3807		330		165		100		3542		3642
3807		721		343		226		3238		3464
3807		601		291		191		3325		3516
3807		785		365		238		3204		3442
3807		58		55		9		3743		3752
3807		669		322		219		3266		3485
3807		311		159		94		3554		3648
3807		49		44		3		3760		3763
3807		736		350		226		3231		3457
3807		600		291		190		3326		3516
3807		882		423		240		3144		3384
3807		123		80		34		3693		3727
3807		346		174		109		3524		3633
3807		927		440		244		3123		3367
3807		945		446		245		3116		3361
3807		430		212		138		3457		3595
3807		830		399		237		3171		3408
3807		954		452		246		3109		3355
3807		323		162		97		3548		3645
3807		936		444		244		3119		3363
3807		384		188		122		3497		3619
3807		934		444		244		3119		3363
3807		413		202		133		3472		3605
3807		788		374		234		3199		3433
3807		870		421		237		3149		3386
3807		387		191		125		3491		3616
3807		281		147		87		3573		3660
3807		317		162		95		3550		3645
3807		405		196		131		3480		3611
3807		522		252		165		3390		3555
3807		233		119		69		3619		3688
3807		68		57		13		3737		3750
3807		510		245		162		3400		3562
3807		961		460		245		3102		3347
3807		875		421		239		3147		3386
3807		398		192		128		3487		3615
3807		87		62		15		3730		3745
3807		651		316		212		3279		3491
3807		273		142		81		3584		3665
3807		568		273		182		3352		3534
3807		432		212		138		3457		3595
3807		446		219		143		3445		3588
3807		262		137		75		3595		3670
3807		370		181		118		3508		3626
3807		920		439		243		3125		3368
3807		802		380		235		3192		3427
3807		706		333		226		3248		3474
3807		911		436		243		3128		3371
3807		917		437		243		3127		3370
3807		918		437		244		3126		3370
3807		280		147		86		3574		3660
3807		218		108		62		3637		3699
3807		828		399		236		3172		3408
3807		980		467		247		3093		3340
3807		857		410		239		3158		3397
3807		966		460		246		3101		3347
3807		768		362		233		3212		3445
3807		754		358		230		3219		3449
3807		296		156		89		3562		3651
3807		207		107		58		3642		3700
3807		76		59		14		3734		3748
3807		994		476		249		3082		3331
3807		484		234		155		3418		3573
3807		166		92		45		3670		3715
3807		673		322		221		3264		3485
3807		64		55		11		3741		3752
3807		962		460		245		3102		3347
3807		104		74		24		3709		3733
3807		860		410		240		3157		3397
3807		965		460		246		3101		3347
3807		987		468		249		3090		3339
3807		861		410		240		3157		3397
3807		557		272		178		3357		3535
3807		270		142		80		3585		3665
3807		801		380		234		3193		3427
3807		695		331		223		3253		3476
3807		658		317		214		3276		3490
3807		331		171		104		3532		3636
3807		460		223		149		3435		3584
3807		410		202		133		3472		3605
3807		279		147		86		3574		3660
3807		714		342		224		3241		3465
3807		647		316		209		3282		3491
3807		534		259		171		3377		3548
3807		176		95		47		3665		3712
3807		800		380		234		3193		3427
3807		891		432		239		3136		3375
3807		278		147		86		3574		3660
3807		586		288		186		3333		3519
3807		274		142		82		3583		3665
3807		686		326		224		3257		3481
3807		884		424		240		3143		3383
3807		183		97		48		3662		3710
3807		939		444		245		3118		3363
3807		371		181		118		3508		3626
3807		156		91		43		3673		3716
3807		688		329		223		3255		3478
3807		608		295		193		3319		3512
3807		944		446		245		3116		3361
3807		553		268		178		3361		3539
3807		769		362		234		3211		3445
3807		131		82		35		3690		3725
3807		924		439		244		3124		3368
3807		102		74		24		3709		3733
3807		214		108		60		3639		3699
3807		764		359		233		3215		3448
3807		157		91		43		3673		3716
3807		210		107		59		3641		3700
3807		845		404		240		3163		3403
3807		624		301		198		3308		3506
3807		100		74		23		3710		3733
3807		74		59		13		3735		3748
3807		630		303		200		3304		3504
3807		353		176		111		3520		3631
3807		620		301		197		3309		3506
3807		456		222		147		3438		3585
3807		595		290		188		3329		3517
3807		605		295		192		3320		3512
3807		275		147		84		3576		3660
3807		499		242		159		3406		3565
3807		797		379		234		3194		3428
3807		957		452		247		3108		3355
3807		584		288		186		3333		3519
3807		609		295		193		3319		3512
3807		835		401		238		3168		3406
3807		782		365		237		3205		3442
3807		532		254		170		3383		3553
3807		670		322		220		3265		3485
3807		683		326		223		3258		3481
3807		943		446		244		3117		3361
3807		567		273		181		3353		3534
3807		493		238		157		3412		3569
3807		693		329		224		3254		3478
3807		869		411		242		3154		3396
3807		533		254		170		3383		3553
3807		873		421		238		3148		3386
3807		112		76		28		3703		3731
3807		220		111		63		3633		3696
3807		122		80		33		3694		3727
3807		238		119		70		3618		3688
3807		982		468		248		3091		3339
3807		129		82		35		3690		3725
3807		70		57		13		3737		3750
3807		604		295		191		3321		3512
3807		335		171		106		3530		3636
3807		464		227		150		3430		3580
3807		816		395		234		3178		3412
3807		636		308		204		3295		3499
3807		492		238		156		3413		3569
3807		834		399		238		3170		3408
3807		494		238		158		3411		3569
3807		196		99		54		3654		3708
3807		61		55		10		3742		3752
3807		652		316		212		3279		3491
3807		831		399		237		3171		3408
3807		54		50		6		3751		3757
3807		153		87		43		3677		3720
3807		843		404		239		3164		3403
3807		856		410		239		3158		3397
3807		272		142		81		3584		3665
3807		671		322		220		3265		3485
3807		711		342		224		3241		3465
3807		717		343		225		3239		3464
3807		692		329		224		3254		3478
3807		903		433		242		3132		3374
3807		308		158		92		3557		3649
3807		727		346		226		3235		3461
3807		488		237		155		3415		3570
3807		530		254		169		3384		3553
3807		249		128		71		3608		3679
3807		893		432		240		3135		3375
3807		807		386		235		3186		3421
3807		351		174		110		3523		3633
3807		883		423		240		3144		3384
3807		780		365		236		3206		3442
3807		696		331		223		3253		3476
3807		450		222		145		3440		3585
3807		738		355		224		3228		3452
3807		90		62		16		3729		3745
3807		213		108		60		3639		3699
3807		925		439		245		3123		3368
3807		372		181		118		3508		3626
3807		256		132		72		3603		3675
3807		591		290		186		3331		3517
3807		719		343		226		3238		3464
3807		141		84		37		3686		3723
3807		771		362		234		3211		3445
3807		518		249		165		3393		3558
3807		47		44		2		3761		3763
3807		140		84		37		3686		3723
3807		776		363		235		3209		3444
3807		457		223		148		3436		3584
3807		433		212		139		3456		3595
3807		619		301		196		3310		3506
3807		885		424		241		3142		3383
3807		877		423		239		3145		3384
3807		383		188		122		3497		3619
3807		151		87		43		3677		3720
3807		579		284		183		3340		3523
3807		341		172		107		3528		3635
3807		684		326		224		3257		3481
3807		252		128		72		3607		3679
3807		84		61		16		3730		3746
3807		598		291		189		3327		3516
3807		51		50		4		3753		3757
3807		700		331		224		3252		3476
3807		136		84		35		3688		3723
3807		823		398		235		3174		3409
3807		539		259		173		3375		3548
3807		679		323		223		3261		3484
3807		94		64		19		3724		3743
3807		791		374		234		3199		3433
3807		629		303		199		3305		3504
3807		235		119		69		3619		3688
3807		864		411		241		3155		3396
3807		563		273		179		3355		3534
3807		941		446		244		3117		3361
3807		616		296		195		3316		3511
3807		186		98		49		3660		3709
3807		829		399		236		3172		3408
3807		360		177		114		3516		3630
3807		152		87		43		3677		3720
3807		263		137		76		3594		3670
3807		827		398		236		3173		3409
3807		361		177		114		3516		3630
3807		67		57		12		3738		3750
3807		194		99		52		3656		3708
3807		632		308		202		3297		3499
3807		168		92		45		3670		3715
3807		840		401		239		3167		3406
3807		969		461		247		3099		3346
3807		844		404		239		3164		3403
3807		293		153		89		3565		3654
3807		742		355		226		3226		3452
3807		573		279		180		3348		3528
3807		821		398		234		3175		3409
3807		120		78		33		3696		3729
3807		41		41		2		3764		3766
3807		496		238		158		3411		3569
3807		364		177		116		3514		3630
3807		222		111		64		3632		3696
3807		749		356		228		3223		3451
3807		392		191		127		3489		3616
3807		167		92		45		3670		3715
3807		287		152		88		3567		3655
3807		224		111		64		3632		3696
3807		43		41		2		3764		3766
3807		345		174		108		3525		3633
3807		580		284		184		3339		3523
3807		78		59		14		3734		3748
3807		426		211		137		3459		3596
3807		260		132		74		3601		3675
3807		967		460		246		3101		3347
3807		757		358		231		3218		3449
3807		110		76		27		3704		3731
3807		318		162		95		3550		3645
3807		663		319		217		3271		3488
3807		726		346		225		3236		3461
3807		929		440		245		3122		3367
3807		664		319		218		3270		3488
3807		973		461		248		3098		3346
3807		537		259		173		3375		3548
3807		312		159		94		3554		3648
3807		674		323		222		3262		3484
3807		66		57		12		3738		3750
3807		682		326		223		3258		3481
3807		248		128		71		3608		3679
3807		401		196		131		3480		3611
3807		477		228		154		3425		3579
3807		752		358		230		3219		3449
3807		981		467		248		3092		3340
3807		707		333		226		3248		3474
3807		495		238		158		3411		3569
3807		264		137		77		3593		3670
3807		310		159		93		3555		3648
3807		232		118		68		3621		3689
3807		215		108		61		3638		3699
3807		535		259		172		3376		3548
3807		336		171		106		3530		3636
3807		697		331		224		3252		3476
3807		526		252		167		3388		3555
3807		701		331		225		3251		3476
3807		854		405		241		3161		3402
3807		763		359		232		3216		3448
3807		190		98		51		3658		3709
3807		357		176		112		3519		3631
3807		760		359		232		3216		3448
3807		226		118		67		3622		3689
3807		698		331		224		3252		3476
3807		544		264		176		3367		3543
3807		974		461		248		3098		3346
3807		644		311		208		3288		3496
3807		178		97		48		3662		3710
3807		476		228		153		3426		3579
3807		358		176		113		3518		3631
3807		572		279		180		3348		3528
3807		735		350		225		3232		3457
3807		989		476		248		3083		3331
3807		650		316		211		3280		3491
3807		703		333		225		3249		3474
3807		127		80		36		3691		3727
3807		225		111		65		3631		3696
3807		328		165		99		3543		3642
3807		221		111		63		3633		3696
3807		89		62		16		3729		3745
3807		320		162		95		3550		3645
3807		803		380		235		3192		3427
3807		217		108		61		3638		3699
3807		753		358		230		3219		3449
3807		777		363		236		3208		3444
3807		722		343		226		3238		3464
3807		540		259		174		3374		3548
3807		126		80		35		3692		3727
3807		798		379		234		3194		3428
3807		536		259		172		3376		3548
3807		474		228		153		3426		3579
3807		818		395		235		3177		3412
3807		109		76		27		3704		3731
3807		611		296		194		3317		3511
3807		799		379		234		3194		3428
3807		63		55		11		3741		3752
3807		72		59		13		3735		3748
3807		805		380		236		3191		3427
3807		564		273		180		3354		3534
3807		905		436		242		3129		3371
3807		424		211		136		3460		3596
3807		743		355		226		3226		3452
3807		300		156		91		3560		3651
3807		747		356		227		3224		3451
3807		472		228		153		3426		3579
3807		503		242		159		3406		3565
3807		362		177		114		3516		3630
3807		314		159		94		3554		3648
3807		505		242		160		3405		3565
3807		672		322		221		3264		3485
3807		96		64		20		3723		3743
3807		114		78		32		3697		3729
3807		113		76		29		3702		3731
3807		778		363		236		3208		3444
3807		321		162		96		3549		3645
3807		762		359		232		3216		3448
3807		185		98		49		3660		3709
3807		397		192		127		3488		3615
3807		373		182		119		3506		3625
3807		455		222		147		3438		3585
3807		956		452		247		3108		3355
3807		329		165		99		3543		3642
3807		708		333		226		3248		3474
3807		83		61		16		3730		3746
3807		744		356		226		3225		3451
3807		602		291		191		3325		3516
3807		718		343		225		3239		3464
3807		866		411		241		3155		3396
3807		174		95		46		3666		3712
3807		56		50		6		3751		3757
3807		847		404		240		3163		3403
3807		705		333		226		3248		3474
3807		95		64		20		3723		3743
3807		315		159		95		3553		3648
3807		55		50		6		3751		3757
3807		946		446		245		3116		3361
3807		910		436		243		3128		3371
3807		825		398		236		3173		3409
3807		746		356		227		3224		3451
3807		597		291		189		3327		3516
3807		82		61		15		3731		3746
3807		240		125		70		3612		3682
3807		895		432		240		3135		3375
3807		599		291		190		3326		3516
3807		784		365		238		3204		3442
3807		596		290		189		3328		3517
3807		302		156		92		3559		3651
3807		359		177		113		3517		3630
3807		325		165		97		3545		3642
3807		971		461		247		3099		3346
3807		824		398		236		3173		3409
3807		634		308		203		3296		3499
3807		458		223		148		3436		3584
3807		638		308		205		3294		3499
3807		623		301		198		3308		3506
3807		848		404		240		3163		3403
3807		794		379		233		3195		3428
3807		184		98		48		3661		3709
3807		266		137		77		3593		3670
3807		250		128		72		3607		3679
3807		874		421		239		3147		3386
3807		425		211		137		3459		3596
3807		822		398		235		3174		3409
3807		271		142		80		3585		3665
3807		469		227		153		3427		3580
3807		295		153		90		3564		3654
3807		529		254		169		3384		3553
3807		935		444		0		3363		3363
3807		922		439		0		3368		3368
3807		960		452		0		3355		3355
3807		959		452		3		3352		3355
3807		964		460		0		3347		3347
3807		915		437		0		3370		3370
3807		984		468		0		3339		3339
3807		978		467		0		3340		3340
3807		913		437		28		3342		3370
3807		998		477		0		3330		3330
3807		997		477		1		3329		3330
3807		996		477		5		3325		3330
3807		993		476		0		3331		3331
3807		992		476		10		3321		3331
3807		909		436		0		3371		3371
3807		991		476		11		3320		3331
3807		898		433		0		3374		3374
3807		872		421		0		3386		3386
3807		908		436		0		3371		3371
3807		549		268		123		3416		3539
3807		907		436		57		3314		3371
3807		541		264		0		3543		3543
3807		520		252		1		3554		3555
3807		508		245		2		3560		3562
3807		515		249		0		3558		3558
3807		453		222		0		3585		3585
3807		504		242		260		3305		3565
3807		489		237		0		3570		3570
3807		485		237		268		3302		3570
3807		480		234		0		3573		3573
3807		478		234		0		3573		3573
3807		479		234		0		3573		3573
3807		440		216		0		3591		3591
3807		443		219		0		3588		3588
3807		439		216		0		3591		3591
3807		436		216		296		3295		3591
3807		437		216		1		3590		3591
3807		427		211		4		3592		3596
3807		429		212		0		3595		3595
3807		418		206		0		3601		3601
3807		416		206		0		3601		3601
3807		415		206		313		3288		3601
3807		411		202		0		3605		3605
3807		409		202		0		3605		3605
3807		408		202		322		3283		3605
3807		394		192		1		3614		3615
3807		393		191		0		3616		3616
3807		369		181		0		3626		3626
3807		381		188		338		3281		3619
3807		349		174		1		3632		3633
3807		340		172		0		3635		3635
3807		338		172		0		3635		3635
3807		305		158		0		3649		3649
3807		284		152		3		3652		3655
3807		201		103		0		3704		3704
3807		198		103		435		3269		3704
3807		199		103		435		3269		3704
3807		193		99		0		3708		3708
3807		188		98		0		3709		3709
3807		182		97		0		3710		3710
3807		191		99		0		3708		3708
3807		179		97		0		3710		3710
3807		117		78		0		3729		3729
3807		125		80		0		3727		3727

Battle result: Loss

For Earth Army:
	Total ES: 704	Total ET: 211	Total EG: 69	Total HU: 15
	DeadES/TotalES: 100.00%		DeadET/TotalET: 100.00%		DeadEG/TotalEG: 100.00%		DeadHU/TotalHU: 100.00%
	DeadEarthUnits/TotalEarthUnits: 100.00%
	Average Df: 108.11		Average Dd: 2426.79		Average Db: 2534.90
	Df/Db: 4.26%		Dd/Db: 95.74%

For Alien Army:
	Total AS: 581	Total AM: 241	Total AD: 178
	DeadAS/TotalAS: 100.00%		DeadAM/TotalAM: 52.28%		DeadAD/TotalAD: 14.61%
	DeadAlienUnits/TotalAlienUnits: 73.30%
	Average Df: 22.51		Average Dd: 200.44		Average Db: 222.95
	Df/Db: 10.10%		Dd/Db: 89.90%

HealedUnits/TotalEarthUnits: 5.21%

InfectedSoldier/TotalEarthSoldiers: 29.26%
