9		2002		3		0		6		6
12		2003		3		0		9		9
15		2008		9		0		6		6
15		2021		11		0		4		4
17		2004		3		0		14		14
18		2001		3		0		15		15
18		2006		3		0		15		15
19		2010		9		0		10		10
22		8		1		21		0		21
22		2011		9		2		11		13
23		2032		18		0		5		5
24		4		1		23		0		23
27		17		27		0		0		0
29		2044		22		0		7		7
29		2022		17		0		12		12
30		2027		17		1		12		13
30		2007		3		0		27		27
30		2020		11		4		15		19
30		2056		25		0		5		5
31		2033		18		0		13		13
31		2005		3		0		28		28
31		2015		11		3		17		20
31		2023		17		1		13		14
32		2013		9		3		20		23
32		2030		18		0		14		14
39		45		39		0		0		0
42		2026		17		1		24		25
42		2091		37		0		5		5
45		2076		33		1		11		12
46		2067		32		0		14		14
46		2079		34		1		11		12
47		2036		20		0		27		27
49		2019		11		4		34		38
50		2043		22		7		21		28
52		73		52		0		0		0
54		80		54		0		0		0
54		2103		48		0		6		6
58		2034		18		0		40		40
59		2017		11		3		45		48
59		2093		44		1		14		15
62		2040		20		0		42		42
63		2106		50		1		12		13
65		2024		17		1		47		48
65		2105		48		0		17		17
66		2108		50		0		16		16
67		69		47		0		20		20
67		40		33		0		34		34
67		2122		66		0		1		1
69		2014		9		3		57		60
70		2127		68		0		2		2
72		114		67		5		0		5
77		2140		70		0		7		7
80		2016		11		3		66		69
80		2144		71		0		9		9
81		2154		74		0		7		7
81		2163		76		0		5		5
81		2161		75		0		6		6
84		2156		75		0		9		9
87		2149		74		0		13		13
89		2047		22		7		60		67
89		2178		82		0		7		7
92		2057		31		0		61		61
99		156		95		4		0		4
100		2215		93		0		7		7
101		2198		88		0		13		13
102		132		78		24		0		24
104		2208		91		0		13		13
104		2214		93		7		4		11
105		2217		93		0		12		12
105		2209		91		0		14		14
107		195		107		0		0		0
108		2227		106		0		2		2
110		2169		81		0		29		29
112		202		112		0		0		0
113		2200		88		0		25		25
115		2165		76		0		39		39
116		2055		25		5		86		91
117		2038		20		0		97		97
120		2234		111		0		9		9
120		2229		106		0		14		14
128		151		93		0		35		35
128		192		107		0		21		21
129		2246		126		0		3		3
132		2242		124		0		8		8
138		2025		17		1		120		121
139		2269		136		0		3		3
140		2255		132		0		8		8
141		2066		32		11		98		109
144		2274		140		0		4		4
145		2248		126		0		19		19
148		2236		111		0		37		37
148		2271		136		0		12		12
151		2284		149		0		2		2
153		2276		140		0		13		13
155		286		142		13		0		13
156		272		137		19		0		19
156		2288		150		0		6		6
157		267		136		21		0		21
159		230		128		31		0		31
162		2302		157		0		5		5
164		302		164		0		0		0
165		2295		154		0		11		11
166		2035		18		0		148		148
177		284		142		0		35		35
177		327		177		0		0		0
181		2039		20		0		161		161
181		2018		11		4		166		170
185		342		185		0		0		0
186		2320		172		0		14		14
188		2328		173		2		13		15
191		2314		170		0		21		21
192		2334		175		1		16		17
194		2062		31		0		163		163
197		293		159		0		38		38
197		353		197		0		0		0
200		2012		9		2		189		191
200		2070		32		11		157		168
201		2029		18		0		183		183
201		2338		176		0		25		25
202		2408		199		0		3		3
204		2397		194		0		10		10
204		2390		191		2		11		13
209		2365		186		0		23		23
210		2402		198		0		12		12
213		2363		183		0		30		30
213		2345		177		0		36		36
215		335		179		0		36		36
215		348		188		0		27		27
215		390		215		0		0		0
215		2352		181		0		34		34
216		2374		188		1		27		28
218		2430		214		0		4		4
218		2400		198		0		20		20
219		2413		199		0		20		20
220		2398		194		0		26		26
221		2435		215		0		6		6
222		2392		191		0		31		31
224		401		224		0		0		0
226		2050		25		5		196		201
227		2078		34		11		182		193
227		2459		223		0		4		4
227		2436		215		0		12		12
228		2438		215		0		13		13
229		2037		20		0		209		209
236		2478		233		0		3		3
238		2472		232		0		6		6
239		2469		228		0		11		11
244		2487		241		0		3		3
249		2498		245		0		4		4
252		2505		248		0		4		4
253		2491		242		0		11		11
257		2042		20		0		237		237
257		2516		255		0		2		2
260		2520		257		0		3		3
262		9		6		0		256		256
262		14		6		2		254		256
262		371		202		0		60		60
262		387		215		0		47		47
262		463		262		0		0		0
263		2507		248		0		15		15
267		457		262		5		0		5
267		2500		245		0		22		22
272		2529		268		0		4		4
275		2545		271		0		4		4
277		2533		269		0		8		8
277		2547		273		0		4		4
283		433		250		0		33		33
283		460		262		0		21		21
284		2065		32		11		241		252
284		2572		278		0		6		6
287		2092		44		10		233		243
291		498		286		5		0		5
292		2556		275		0		17		17
296		2586		281		1		14		15
300		492		286		14		0		14
301		488		283		18		0		18
303		2580		279		2		22		24
308		2113		56		18		234		252
309		2590		282		0		27		27
313		508		295		0		18		18
313		528		313		0		0		0
316		2628		295		1		20		21
321		2082		34		11		276		287
322		542		322		0		0		0
322		2054		25		5		292		297
322		2686		314		0		8		8
324		2622		293		4		27		31
330		566		330		0		0		0
331		2656		303		1		27		28
332		570		332		0		0		0
333		2642		299		1		33		34
333		2708		326		1		6		7
339		597		339		0		0		0
339		2597		283		0		56		56
341		2754		337		0		4		4
345		2694		317		5		23		28
345		2614		292		2		51		53
345		2674		310		4		31		35
347		2646		300		1		46		47
350		2755		337		1		12		13
352		531		313		0		39		39
352		518		302		0		50		50
352		2733		333		3		16		19
354		2741		334		3		17		20
355		2720		328		1		26		27
359		2632		296		6		57		63
360		647		360		0		0		0
361		640		357		4		0		4
361		2672		309		1		51		52
362		635		352		10		0		10
362		2664		306		1		55		56
363		654		363		0		0		0
363		2765		351		3		9		12
364		2747		336		8		20		28
366		2722		331		0		35		35
369		2783		354		1		14		15
369		2803		361		3		5		8
370		2785		356		0		14		14
373		2806		362		1		10		11
376		2772		352		1		23		24
376		2808		362		0		14		14
376		2794		358		2		16		18
377		2805		361		0		16		16
378		632		352		0		26		26
378		684		378		0		0		0
379		2821		377		0		2		2
380		692		380		0		0		0
384		2827		378		0		6		6
385		701		385		0		0		0
387		2828		378		0		9		9
391		722		391		0		0		0
393		2830		378		0		15		15
394		727		392		2		0		2
394		2823		377		0		17		17
394		2850		391		0		3		3
398		2859		395		0		3		3
402		731		402		0		0		0
403		2863		397		0		6		6
405		747		405		0		0		0
407		2884		404		0		3		3
409		2139		70		29		310		339
409		2873		399		0		10		10
409		2889		404		0		5		5
410		2876		403		0		7		7
411		2874		399		0		12		12
417		2096		44		10		363		373
417		2897		413		0		4		4
418		2891		412		0		6		6
419		2904		416		0		3		3
420		2878		403		0		17		17
431		2074		33		11		387		398
437		757		406		0		31		31
437		756		406		0		31		31
437		787		437		0		0		0
437		2911		421		0		16		16
440		2929		426		0		14		14
440		2950		433		0		7		7
441		2933		427		2		12		14
442		2943		430		1		11		12
449		2921		425		0		24		24
449		2962		441		0		8		8
450		2967		442		0		8		8
453		2951		433		1		19		20
453		2992		447		1		5		6
455		2118		56		19		380		399
458		831		451		7		0		7
458		2976		444		0		14		14
462		824		450		12		0		12
463		2995		449		4		10		14
464		817		449		15		0		15
465		808		443		22		0		22
468		2996		449		1		18		19
469		2998		449		0		20		20
475		2994		447		0		28		28
476		2987		446		0		30		30
483		2989		447		17		19		36
484		2959		436		0		48		48
485		2978		444		0		41		41
488		2969		442		0		46		46
489		2964		441		0		48		48
490		834		451		0		39		39
490		2942		430		56		4		60
494		2945		430		0		64		64
496		2928		426		65		5		70
499		2935		427		0		72		72
502		2931		426		0		76		76
506		2899		413		0		93		93
506		2906		416		0		90		90
507		2913		421		0		86		86
507		2923		425		0		82		82
509		2189		84		41		384		425
512		908		502		10		0		10
512		2865		397		0		115		115
513		2893		412		0		101		101
515		2861		395		0		120		120
518		2856		395		0		123		123
520		2800		361		15		144		159
520		2852		391		0		129		129
524		2796		358		0		166		166
526		2090		37		11		478		489
528		2782		354		0		174		174
530		2771		352		174		4		178
530		2787		356		0		174		174
531		2109		50		13		468		481
533		2197		88		43		402		445
535		2746		336		195		4		199
535		2757		344		0		191		191
535		2774		352		0		183		183
536		2767		351		0		185		185
538		2740		334		0		204		204
540		2749		336		0		204		204
541		2719		328		0		213		213
547		2205		91		43		413		456
548		2735		333		0		215		215
549		2724		331		0		218		218
549		2730		333		203		13		216
553		2696		317		0		236		236
555		2667		309		0		246		246
555		2676		310		0		245		245
555		2710		326		0		229		229
559		2663		306		0		253		253
566		2658		303		0		263		263
570		2653		303		253		14		267
571		2641		299		261		11		272
571		2648		300		0		271		271
575		961		542		33		0		33
576		2644		299		0		277		277
578		878		490		88		0		88
580		2621		293		0		287		287
581		2028		17		1		563		564
581		2627		295		277		9		286
581		2634		296		0		285		285
586		2630		295		0		291		291
593		2616		292		0		301		301
594		2604		287		0		307		307
595		2596		283		299		13		312
597		2599		283		0		314		314
598		2134		70		27		501		528
603		2579		279		0		324		324
603		2585		281		314		8		322
605		2142		71		30		504		534
609		2592		282		0		327		327
613		2588		281		0		332		332
619		2567		277		0		342		342
622		2574		278		0		344		344
626		2220		104		45		477		522
631		2569		278		326		27		353
632		2544		271		0		361		361
636		2148		74		31		531		562
637		2558		275		0		362		362
638		2518		255		0		383		383
642		2549		273		0		369		369
644		2522		257		0		387		387
648		2535		269		0		379		379
649		2493		242		0		407		407
650		2153		74		32		544		576
655		2531		268		0		387		387
656		2155		75		32		549		581
660		2461		223		0		437		437
666		2480		233		0		433		433
669		2474		232		0		437		437
670		2160		75		34		561		595
670		2489		241		0		429		429
674		2432		214		0		460		460
676		2162		76		34		566		600
680		2385		190		0		490		490
684		2174		81		38		565		603
686		2387		191		20		475		495
696		2362		183		0		513		513
700		2376		188		0		512		512
702		2367		186		0		516		516
716		2354		181		0		535		535
719		2347		177		0		542		542
720		2344		177		524		19		543
730		2192		85		42		603		645
730		2327		173		0		557		557
731		2193		85		42		604		646
734		2333		175		544		15		559
737		2340		176		0		561		561
740		2041		20		0		720		720
745		2336		175		0		570		570
752		2049		22		8		722		730
752		2319		172		568		12		580
753		2261		134		53		566		619
753		2262		134		53		566		619
760		2304		157		0		603		603
762		2322		172		0		590		590
764		2309		170		0		594		594
769		2297		154		0		615		615
773		2290		150		0		623		623
775		2125		66		25		684		709
776		2135		70		0		706		706
779		2286		149		0		630		630
781		2059		31		0		750		750
781		2146		71		0		710		710
783		2244		124		0		659		659
803		2129		68		0		735		735
804		2100		48		1		755		756
804		2124		66		0		738		738
812		2031		18		0		794		794
812		2095		44		0		768		768
815		2147		71		30		714		744
815		2075		33		0		782		782
822		2081		34		0		788		788
833		2060		31		0		802		802
834		2046		22		0		812		812
838		2069		32		0		806		806
882		2237		111		49		722		771
888		2170		81		36		771		807
892		2085		37		10		845		855
893		2470		232		94		567		661
921		2186		84		40		797		837
947		2009		9		2		936		938
950		2201		88		43		819		862
950		2359		183		76		691		767
979		2272		136		55		788		843
979		2058		31		0		948		948
990		2394		194		83		713		796
996		2063		31		0		965		965
999		2130		68		26		905		931
1000		2277		140		57		803		860
1013		2412		199		84		730		814
1017		2141		71		29		917		946
1028		2071		33		11		984		995
1037		2287		149		60		828		888
1039		2221		104		45		890		935
1040		2291		150		61		829		890
1082		2693		316		142		624		766
1082		2456		223		93		766		859
1086		2232		111		48		927		975
1087		2166		76		35		976		1011
1088		2051		25		5		1058		1063
1089		2052		25		5		1059		1064
1093		2084		34		12		1047		1059
1093		2053		25		5		1063		1068
1095		2707		325		150		620		770
1102		2179		82		38		982		1020
1127		2341		176		69		882		951
1134		2249		126		51		957		1008
1137		2089		37		11		1089		1100
1137		2191		85		42		1010		1052
1143		2351		181		74		888		962
1167		2207		91		44		1032		1076
1168		2384		190		80		898		978
1168		2121		66		25		1077		1102
1201		2407		199		83		919		1002
1214		2416		206		84		924		1008
1222		2219		104		44		1074		1118
1227		2427		208		87		932		1019
1229		2282		149		59		1021		1080
1235		2223		104		46		1085		1131
1240		2073		33		11		1196		1207
1243		2225		106		46		1091		1137
1247		2230		106		47		1094		1141
1249		2660		306		132		811		943
1259		2117		56		18		1185		1203
1267		2305		157		63		1047		1110
1285		2173		81		38		1166		1204
1289		2471		232		95		962		1057
1302		2086		37		11		1254		1265
1306		2318		172		65		1069		1134
1311		2326		173		68		1070		1138
1315		2245		124		50		1141		1191
1328		2348		177		71		1080		1151
1332		2195		85		43		1204		1247
1335		2513		255		101		979		1080
1337		2355		181		74		1082		1156
1345		2256		132		52		1161		1213
1352		2377		188		78		1086		1164
1353		2264		134		54		1165		1219
1354		2527		268		106		980		1086
1374		822		450		127		797		924
1374		823		450		128		796		924
1376		2559		275		113		988		1101
1376		2213		93		44		1239		1283
1385		2061		31		0		1354		1354
1397		2883		404		188		805		993
1403		2064		32		11		1360		1371
1416		2620		293		124		999		1123
1436		2947		433		204		799		1003
1445		2298		154		62		1229		1291
1453		2666		309		133		1011		1144
1455		2671		309		135		1011		1146
1459		2673		310		136		1013		1149
1460		2677		310		136		1014		1150
1476		2462		223		94		1159		1253
1479		2464		228		92		1159		1251
1491		2180		82		39		1370		1409
1495		2101		48		11		1436		1447
1505		2494		242		99		1164		1263
1507		2762		344		159		1004		1163
1509		2185		84		40		1385		1425
1513		2768		351		160		1002		1162
1514		2508		248		103		1163		1266
1526		2519		257		102		1167		1269
1526		2523		257		102		1167		1269
1536		2048		22		7		1507		1514
1537		2260		134		52		1351		1403
1537		2372		188		78		1271		1349
1538		2814		372		170		996		1166
1543		2532		268		106		1169		1275
1545		2206		91		43		1411		1454
1547		2536		269		107		1171		1278
1549		2831		378		173		998		1171
1553		2267		136		54		1363		1417
1555		2550		273		111		1171		1282
1562		2843		388		178		996		1174
1567		2566		277		114		1176		1290
1568		338		185		39		1344		1383
1571		2578		279		117		1175		1292
1574		2870		399		185		990		1175
1576		2403		198		82		1296		1378
1579		2593		282		120		1177		1297
1581		2879		403		188		990		1178
1584		2888		404		189		991		1180
1588		2605		287		122		1179		1301
1589		2609		287		124		1178		1302
1599		2098		44		11		1544		1555
1600		2072		33		11		1556		1567
1603		2914		421		196		986		1182
1604		2626		295		126		1183		1309
1607		2635		296		127		1184		1311
1608		2920		425		198		985		1183
1626		2439		215		89		1322		1411
1633		2970		442		208		983		1191
1644		2999		449		215		980		1195
1645		2449		222		91		1332		1423
1648		2453		222		92		1334		1426
1649		2690		316		141		1192		1333
1650		2457		223		93		1334		1427
1651		2697		317		143		1191		1334
1660		2711		326		149		1185		1334
1665		2176		82		38		1545		1583
1666		2477		233		97		1336		1433
1666		2481		233		97		1336		1433
1667		2725		331		152		1184		1336
1671		2312		170		64		1437		1501
1676		2745		336		156		1184		1340
1681		2485		241		98		1342		1440
1681		2490		241		99		1341		1440
1683		2184		84		40		1559		1599
1685		2332		175		68		1442		1510
1688		2501		245		101		1342		1443
1695		2775		352		161		1182		1343
1700		2788		356		165		1179		1344
1702		2514		255		101		1346		1447
1709		2361		183		76		1450		1526
1710		2203		88		43		1579		1622
1711		2253		132		51		1528		1579
1712		2257		132		52		1528		1580
1714		2368		186		76		1452		1528
1716		2045		22		7		1687		1694
1716		2120		66		24		1626		1650
1716		2815		372		170		1174		1344
1725		2379		190		79		1456		1535
1727		2383		190		80		1457		1537
1728		2543		271		110		1347		1457
1732		2554		275		111		1346		1457
1735		2844		388		179		1168		1347
1743		2396		194		83		1466		1549
1746		2862		397		183		1166		1349
1747		2866		397		184		1166		1350
1749		137		85		15		1649		1664
1758		2600		283		121		1354		1475
1762		2890		412		190		1160		1350
1764		2900		413		194		1157		1351
1772		2423		208		86		1478		1564
1774		2424		208		87		1479		1566
1778		2283		149		59		1570		1629
1781		2936		427		201		1153		1354
1782		2640		299		128		1355		1483
1785		2649		300		130		1355		1485
1789		2433		214		88		1487		1575
1798		2965		441		208		1149		1357
1805		2444		220		89		1496		1585
1809		2447		220		91		1498		1589
1819		2119		56		19		1744		1763
1821		2467		228		93		1500		1593
1822		2171		81		37		1704		1741
1827		2475		232		96		1499		1595
1834		2739		334		154		1346		1500
1835		2313		170		65		1600		1665
1839		2753		337		157		1345		1502
1860		2194		85		42		1733		1775
1863		2797		358		167		1338		1505
1875		2528		268		106		1501		1607
1878		2204		91		43		1744		1787
1879		2824		377		173		1329		1502
1889		2834		387		176		1326		1502
1890		2838		387		177		1326		1503
1893		2212		93		44		1756		1800
1909		2584		281		119		1509		1628
1915		2132		68		27		1820		1847
1917		2137		70		28		1819		1847
1918		2608		287		123		1508		1631
1919		2894		412		191		1316		1507
1923		2414		206		84		1633		1717
1924		2907		416		195		1313		1508
1929		2422		208		86		1635		1721
1936		2924		425		198		1313		1511
1937		2927		426		199		1312		1511
1943		2224		104		47		1792		1839
1944		2428		214		88		1642		1730
1950		2958		436		206		1308		1514
1955		2152		74		32		1849		1881
1956		2115		56		18		1882		1900
1959		2974		444		210		1305		1515
1960		2442		220		89		1651		1740
1968		2158		75		33		1860		1893
1968		2159		75		34		1859		1893
1970		2681		314		136		1520		1656
1971		2452		222		92		1657		1749
1973		2689		316		141		1516		1657
1978		2168		76		36		1866		1902
1979		2083		34		11		1934		1945
1981		2704		325		148		1508		1656
1985		2718		328		151		1506		1657
1988		2181		82		39		1867		1906
1991		2102		48		12		1931		1943
1994		2087		37		11		1946		1957
2012		2781		354		162		1496		1658
2020		2809		362		170		1488		1658
2021		2360		183		76		1762		1838
2024		2111		50		14		1960		1974
2025		2263		134		53		1838		1891
2028		2817		372		171		1485		1656
2032		2820		377		172		1483		1655
2050		2561		277		113		1660		1773
2052		2853		391		182		1479		1661
2055		2395		194		83		1778		1861
2072		2138		70		28		1974		2002
2076		2419		206		85		1785		1870
2082		2097		44		11		2027		2038
2103		2662		306		133		1664		1797
2105		2960		441		207		1457		1664
2109		2979		444		211		1454		1665
2114		2445		220		90		1804		1894
2115		2307		157		63		1895		1958
2120		2451		222		92		1806		1898
2120		2688		316		140		1664		1804
2123		2233		111		48		1964		2012
2146		2325		173		67		1906		1973
2147		2486		241		98		1808		1906
2157		2764		351		160		1646		1806
2161		2251		126		52		1983		2035
2163		2196		85		43		2035		2078
2165		2792		358		167		1640		1807
2166		2357		181		75		1910		1985
2167		2525		257		103		1807		1910
2176		2813		372		169		1635		1804
2181		2265		134		54		1993		2047
2194		2842		388		178		1628		1806
2195		2846		388		180		1627		1807
2196		2393		194		82		1920		2002
2206		2872		399		186		1621		1807
2216		2606		287		123		1806		1929
2218		2143		71		30		2117		2147
2220		2417		206		84		1930		2014
2222		2613		292		124		1806		1930
2225		2619		293		124		1808		1932
2226		2625		295		125		1806		1931
2229		2637		296		128		1805		1933
2234		2293		150		62		2022		2084
2235		2222		104		46		2085		2131
2236		2941		430		204		1602		1806
2238		2949		433		204		1601		1805
2249		2114		56		18		2175		2193
2253		2986		446		212		1595		1807
2259		2684		314		138		1807		1945
2263		2077		33		11		2219		2230
2263		2238		111		49		2103		2152
2265		2080		34		11		2220		2231
2265		2172		81		37		2147		2184
2270		2099		48		11		2211		2222
2282		2317		172		65		2045		2110
2289		2758		344		158		1787		1945
2290		2761		344		159		1787		1946
2291		2331		175		68		2048		2116
2296		2188		84		41		2171		2212
2297		2088		37		11		2249		2260
2306		2515		255		102		1949		2051
2311		2358		183		76		2052		2128
2311		2202		88		43		2180		2223
2312		2258		132		53		2127		2180
2313		2110		50		14		2249		2263
2315		2818		372		171		1772		1943
2327		2552		273		111		1943		2054
2332		2848		391		180		1761		1941
2335		2565		277		114		1944		2058
2339		2577		279		117		1943		2060
2358		2611		292		123		1943		2066
2361		179		104		23		2234		2257
2372		2926		426		199		1747		1946
2375		2639		299		128		1948		2076
2379		2948		433		204		1742		1946
2383		2953		436		205		1742		1947
2386		2659		306		132		1948		2080
2386		2661		306		132		1948		2080
2388		2151		74		32		2282		2314
2390		2116		56		18		2316		2334
2395		2679		310		136		1949		2085
2402		2455		222		93		2087		2180
2402		2687		316		140		1946		2086
2406		2465		228		92		2086		2178
2415		2738		334		154		1927		2081
2418		2744		336		156		1926		2082
2421		2323		173		66		2182		2248
2426		2503		245		102		2079		2181
2427		2343		176		70		2181		2251
2432		2350		177		72		2183		2255
2446		2370		186		77		2183		2260
2447		2373		188		78		2181		2259
2451		2538		269		108		2074		2182
2452		2380		190		79		2183		2262
2452		2381		190		79		2183		2262
2453		2542		271		110		2072		2182
2461		2837		387		176		1898		2074
2475		2583		281		119		2075		2194
2483		2133		68		27		2388		2415
2493		2218		104		44		2345		2389
2496		2426		208		87		2201		2288
2496		2281		149		59		2288		2347
2503		2651		300		130		2073		2203
2504		2150		74		31		2399		2430
2504		2946		433		204		1867		2071
2509		2957		436		206		1867		2073
2510		2441		215		89		2206		2295
2512		2300		154		62		2296		2358
2517		2670		309		134		2074		2208
2523		2682		314		137		2072		2209
2526		2458		223		93		2210		2303
2529		2702		325		148		2056		2204
2530		2703		325		148		2057		2205
2535		2727		331		152		2052		2204
2540		2104		48		12		2480		2492
2545		2241		124		49		2372		2421
2549		2187		84		41		2424		2465
2550		2770		351		160		2039		2199
2551		2510		248		104		2199		2303
2554		2780		354		162		2038		2200
2562		2107		50		13		2499		2512
2567		2816		372		170		2025		2195
2571		2826		377		173		2021		2194
2573		2833		378		173		2022		2195
2580		2836		387		176		2017		2193
2585		2563		277		114		2194		2308
2586		2570		278		116		2192		2308
2589		2868		397		184		2008		2192
2595		2405		198		82		2315		2397
2599		2881		403		188		2008		2196
2599		2595		282		121		2196		2317
2599		2279		140		58		2401		2459
2601		2602		283		123		2195		2318
2602		2068		32		11		2559		2570
2610		2612		292		123		2195		2318
2612		2617		293		124		2195		2319
2613		2421		208		86		2319		2405
2615		2425		208		87		2320		2407
2628		2955		436		206		1986		2192
2635		2985		446		212		1977		2189
2638		2157		75		33		2530		2563
2640		2308		157		64		2419		2483
2642		2454		222		93		2327		2420
2644		2699		317		144		2183		2327
2645		2235		111		48		2486		2534
2646		2167		76		36		2534		2570
2648		2175		81		38		2529		2567
2649		2713		326		150		2173		2323
2654		2483		233		98		2323		2421
2657		2182		82		39		2536		2575
2659		2752		337		156		2166		2322
2662		2496		242		99		2321		2420
2667		2342		176		69		2422		2491
2668		2509		248		103		2317		2420
2669		2777		352		161		2156		2317
2673		2790		356		166		2151		2317
2675		2356		181		75		2419		2494
2675		2524		257		103		2315		2418
2679		2112		50		14		2615		2629
2680		2371		186		77		2417		2494
2689		2553		273		112		2304		2416
2689		2273		136		55		2498		2553
2691		2126		66		26		2599		2625
2694		2211		93		44		2557		2601
2695		2562		277		113		2305		2418
2700		2575		279		117		2304		2421
2703		2871		399		185		2119		2304
2705		2278		140		58		2507		2565
2710		2410		199		84		2427		2511
2710		2411		199		84		2427		2511
2710		2136		70		28		2612		2640
2713		2415		206		84		2423		2507
2715		2909		416		195		2104		2299
2717		2624		295		125		2297		2422
2717		2916		421		197		2099		2296
2720		2292		150		61		2509		2570
2724		2294		150		62		2512		2574
2725		2940		430		204		2091		2295
2733		2231		106		47		2580		2627
2735		2961		441		207		2087		2294
2736		2972		442		209		2085		2294
2736		2669		309		134		2293		2427
2738		2981		446		211		2081		2292
2744		2450		222		92		2430		2522
2746		2463		228		92		2426		2518
2748		2706		325		149		2274		2423
2749		2715		328		150		2271		2421
2752		3003		2748		0		4		4
2752		2736		334		154		2264		2418
2754		2183		84		39		2631		2670
2756		2759		344		158		2254		2412
2758		2337		176		68		2514		2582
2759		2504		245		102		2412		2514
2759		2776		352		161		2246		2407
2760		2250		126		51		2583		2634
2761		2190		85		41		2635		2676
2764		3027		2753		11		0		11
2765		2369		186		77		2502		2579
2769		2539		269		109		2391		2500
2769		2382		190		80		2499		2579
2769		2540		271		110		2388		2498
2769		2388		191		81		2497		2578
2771		2551		273		111		2387		2498
2771		2840		387		178		2206		2384
2774		2216		93		45		2636		2681
2776		895		500		150		2126		2276
2776		595		337		65		2374		2439
2778		3045		2761		17		0		17
2778		2406		198		83		2497		2580
2779		2280		140		58		2581		2639
2780		2886		404		188		2188		2376
2781		2607		287		123		2371		2494
2784		2618		293		124		2367		2491
2785		2636		296		127		2362		2489
2786		2918		425		198		2163		2361
2787		2938		427		202		2158		2360
2789		3035		2754		15		20		35
2790		2954		436		205		2149		2354
2791		2440		215		89		2487		2576
2791		3057		2771		20		0		20
2794		2973		442		209		2143		2352
2795		2443		220		89		2486		2575
2796		496		286		55		2455		2510
2796		2678		310		136		2350		2486
2797		2306		157		63		2577		2640
2798		2680		314		136		2348		2484
2798		2691		316		141		2341		2482
2798		2692		316		141		2341		2482
2800		3040		2759		15		26		41
2800		2700		317		145		2338		2483
2801		2705		325		149		2327		2476
2802		2714		326		151		2325		2476
2802		2717		328		150		2324		2474
2804		2731		333		153		2318		2471
2806		2743		336		156		2314		2470
2806		2316		172		64		2570		2634
2806		2750		337		156		2313		2469
2808		2497		242		100		2466		2566
2809		2330		175		68		2566		2634
2810		2502		245		101		2464		2565
2811		2769		351		160		2300		2460
2811		2349		177		71		2563		2634
2813		2798		358		168		2287		2455
2814		2801		361		169		2284		2453
2816		2811		362		170		2284		2454
2816		2364		183		76		2557		2633
2817		2378		188		79		2550		2629
2818		2537		269		108		2441		2549
2821		2847		388		180		2253		2433
2822		2564		277		114		2431		2545
2822		2571		278		116		2428		2544
2825		2131		68		27		2730		2757
2825		2869		399		184		2242		2426
2830		2896		412		192		2226		2418
2831		2902		413		195		2223		2418
2831		2094		44		10		2777		2787
2833		2917		421		197		2215		2412
2838		2654		303		131		2404		2535
2841		2983		446		212		2183		2395
2843		2448		220		91		2532		2623
2845		2164		76		35		2734		2769
2845		2468		228		93		2524		2617
2847		2177		82		38		2727		2765
2849		2315		170		65		2614		2679
2850		2240		124		48		2678		2726
2850		2324		173		67		2610		2677
2850		2484		241		98		2511		2609
2851		2760		344		159		2348		2507
2852		2335		175		68		2609		2677
2852		2339		176		68		2608		2676
2856		2802		361		169		2326		2495
2858		2259		132		53		2673		2726
2858		2375		188		78		2592		2670
2859		2825		377		173		2309		2482
2859		2832		378		173		2308		2481
2860		2389		191		81		2588		2669
2861		2268		136		55		2670		2725
2861		2270		136		55		2670		2725
2861		2839		387		177		2297		2474
2862		2845		388		179		2295		2474
2862		2560		275		113		2474		2587
2864		2128		68		26		2770		2796
2866		2880		403		188		2275		2463
2866		2882		403		188		2275		2463
2866		2887		404		189		2273		2462
2866		3075		2775		29		62		91
2868		2903		413		195		2260		2455
2868		2418		206		85		2577		2662
2871		3017		2752		7		112		119
2871		2937		427		202		2242		2444
2873		2429		214		88		2571		2659
2874		2226		106		47		2721		2768
2874		2956		436		206		2232		2438
2875		2301		154		62		2659		2721
2876		2971		442		208		2226		2434
2878		2303		157		63		2658		2721
2878		3000		449		215		2214		2429
2878		2683		314		137		2427		2564
2879		2466		228		92		2559		2651
2880		2701		325		148		2407		2555
2880		2712		326		150		2404		2554
2881		2476		232		96		2553		2649
2881		2726		331		152		2398		2550
2882		2732		333		153		2396		2549
2885		2766		351		160		2374		2534
2886		2778		354		162		2370		2532
2888		2512		255		101		2532		2633
2889		2353		181		74		2634		2708
2891		2199		88		43		2760		2803
2891		2254		132		52		2707		2759
2891		3179		2817		74		0		74
2893		2548		273		110		2510		2620
2893		2123		66		25		2802		2827
2893		2835		387		176		2330		2506
2893		2555		275		112		2506		2618
2894		2399		194		83		2617		2700
2895		2568		278		116		2501		2617
2896		2857		395		183		2318		2501
2896		2858		395		183		2318		2501
2897		2576		279		117		2501		2618
2898		2404		198		82		2618		2700
2898		2582		281		119		2498		2617
2899		2594		282		120		2497		2617
2900		2885		404		188		2308		2496
2901		2901		413		195		2293		2488
2901		2610		292		123		2486		2609
2903		2631		296		126		2481		2607
2904		2919		425		198		2281		2479
2905		3199		2824		81		0		81
2906		2638		299		128		2479		2607
2909		2434		214		89		2606		2695
2909		2228		106		47		2756		2803
2910		2296		154		61		2695		2756
2910		2299		154		62		2694		2756
2912		2991		447		213		2252		2465
2912		2446		220		90		2602		2692
2913		2685		314		138		2461		2599
2914		2482		233		97		2584		2681
2914		2728		331		152		2431		2583
2915		2310		170		63		2682		2745
2915		2751		337		156		2422		2578
2916		2321		172		65		2679		2744
2918		2495		242		99		2577		2676
2919		2506		248		102		2569		2671
2919		2773		352		160		2407		2567
2919		2511		248		104		2567		2671
2919		2247		126		51		2742		2793
2919		3054		2768		18		133		151
2919		2252		126		52		2741		2793
2919		2789		356		165		2398		2563
2919		2791		356		166		2397		2563
2920		2521		257		102		2561		2663
2920		2812		362		170		2388		2558
2923		2526		268		105		2550		2655
2924		2210		91		44		2789		2833
2924		2541		271		110		2543		2653
2925		2849		391		181		2353		2534
2926		2867		397		184		2345		2529
2928		3227		2838		90		0		90
2929		2910		416		196		2317		2513
2930		2623		293		125		2512		2637
2931		2915		421		196		2314		2510
2931		2633		296		126		2509		2635
2932		2289		150		60		2722		2782
2933		2643		299		129		2505		2634
2936		2975		444		210		2282		2492
2937		2982		446		211		2280		2491
2937		2990		447		213		2277		2490
2938		2997		449		215		2274		2489
2939		2698		317		144		2478		2622
2941		2311		170		64		2707		2771
2942		2737		334		154		2454		2608
2942		2748		336		156		2450		2606
2942		2239		124		48		2770		2818
2943		2779		354		162		2427		2589
2944		2793		358		167		2419		2586
2945		2804		361		169		2415		2584
2946		2819		372		171		2403		2574
2947		2530		268		106		2573		2679
2947		2266		134		54		2759		2813
2948		2386		191		80		2677		2757
2948		2391		191		81		2676		2757
2948		2841		388		177		2383		2560
2950		2275		140		57		2753		2810
2952		2145		71		30		2851		2881
2952		2908		416		195		2341		2536
2953		2420		206		86		2661		2747
2954		2925		426		199		2329		2528
2954		2934		427		201		2326		2527
2956		2650		300		130		2526		2656
2957		2655		303		131		2523		2654
2957		2437		215		88		2654		2742
2957		2966		441		208		2308		2516
2958		2980		444		211		2303		2514
2959		2709		326		149		2484		2633
2959		2473		232		95		2632		2727
2960		2716		328		150		2482		2632
2960		2479		233		97		2630		2727
2961		2756		337		157		2467		2624
2961		2499		245		101		2615		2716
2961		2346		177		70		2714		2784
2962		2799		361		168		2433		2601
2962		2810		362		170		2430		2600
2962		2534		269		107		2586		2693
2963		2557		275		112		2576		2688
2963		2854		391		182		2390		2572
2964		2401		198		82		2684		2766
2964		2587		281		120		2563		2683
2964		2877		403		187		2374		2561
2965		2601		283		123		2559		2682
2965		2895		412		192		2361		2553
2967		2922		425		198		2344		2542
2969		2652		303		130		2536		2666
2969		2968		442		208		2319		2527
2969		2668		309		133		2527		2660
2971		2695		317		143		2511		2654
2971		2723		331		152		2488		2640
2971		2729		333		153		2485		2638
2972		2488		241		99		2632		2731
2972		2329		173		68		2731		2799
2973		2243		124		49		2800		2849
2973		2763		344		160		2469		2629
2974		2517		255		102		2617		2719
2974		2366		186		76		2712		2788
2974		2822		377		173		2424		2597
2974		2829		378		173		2423		2596
2976		2589		282		120		2574		2694
2976		2591		282		120		2574		2694
2976		2409		199		83		2694		2777
2977		2615		292		124		2561		2685
2977		2629		295		126		2556		2682
2977		2285		149		59		2769		2828
2977		2930		426		200		2351		2551
2977		2932		427		200		2350		2550
2979		2984		446		212		2321		2533
2979		2993		447		213		2319		2532
2979		2460		223		93		2663		2756
2980		2742		334		155		2491		2646
2980		2786		356		164		2460		2624
2980		2795		358		167		2455		2622
2981		2807		362		169		2450		2619
2982		2860		395		183		2404		2587
2982		2581		279		117		2586		2703
2984		2657		303		131		2550		2681
2985		2988		447		212		2326		2538
2986		2721		328		151		2507		2658
2986		2492		242		99		2645		2744
2986		2784		354		162		2470		2632
2986		2546		271		111		2604		2715
2986		2851		391		181		2414		2595
2987		2864		397		184		2406		2590
2989		2905		416		195		2378		2573
2989		2912		421		195		2373		2568
2990		2431		214		88		2688		2776
2990		2665		306		133		2551		2684
2991		2977		444		210		2337		2547
2991		2675		310		136		2545		2681
2991		2734		333		153		2505		2658
2992		2855		395		183		2414		2597
2992		2875		399		186		2407		2593
2992		2603		287		122		2583		2705
2992		2898		413		194		2385		2579
2992		2645		300		129		2563		2692
2992		2939		430		203		2359		2562
2993		2647		300		130		2563		2693
2993		2952		433		205		2355		2560
2993		2963		441		208		2344		2552
2994		2573		278		116		2600		2716
2994		2598		283		121		2590		2711
2994		2892		412		191		2391		2582
2994		2944		430		204		2360		2564
2995		340		185		39		2771		2810
2995		710		389		87		2519		2606
2995		178		104		23		2868		2891
2995		548		325		57		2613		2670
2995		72		52		7		2936		2943
2995		996		553		170		2272		2442
2995		624		349		68		2578		2646
2995		967		542		165		2288		2453
2995		210		120		28		2847		2875
2995		283		142		37		2816		2853
2995		194		107		24		2864		2888
2995		155		93		19		2883		2902
2995		323		175		36		2784		2820
2995		581		334		64		2597		2661
2995		208		120		27		2848		2875
2995		227		128		29		2838		2867
2995		997		553		171		2271		2442
2995		352		197		43		2755		2798
2995		341		185		39		2771		2810
2995		219		122		28		2845		2873
2995		129		78		16		2901		2917
2995		103		63		11		2921		2932
2995		487		283		54		2658		2712
2995		357		197		44		2754		2798
2995		52		41		5		2949		2954
2995		589		336		64		2595		2659
2995		201		112		25		2858		2883
2995		200		112		24		2859		2883
2995		279		140		37		2818		2855
2995		193		107		24		2864		2888
2995		646		360		72		2563		2635
2995		763		408		105		2482		2587
2995		807		443		122		2430		2552
2995		122		75		15		2905		2920
2995		189		106		24		2865		2889
2995		798		439		118		2438		2556
2995		77		52		8		2935		2943
2995		136		85		14		2896		2910
2995		107		65		11		2919		2930
2995		644		357		72		2566		2638
2995		363		198		45		2752		2797
2995		382		213		46		2736		2782
2995		296		164		35		2796		2831
2995		143		86		15		2894		2909
2995		13		6		1		2988		2989
2995		24		29		2		2964		2966
2995		42		33		5		2957		2962
2995		90		59		9		2927		2936
2995		93		60		10		2925		2935
2995		619		349		67		2579		2646
2995		88		59		9		2927		2936
2995		63		43		7		2945		2952
2995		206		120		27		2848		2875
2995		10		6		0		2989		2989
2995		89		59		9		2927		2936
2995		2		1		2		2992		2994
2995		87		59		9		2927		2936
2995		1000		553		0		2442		2442
2995		991		550		0		2445		2445
2995		988		548		0		2447		2447
2995		989		550		0		2445		2445
2995		985		548		0		2447		2447
2995		984		548		67		2380		2447
2995		979		546		0		2449		2449
2995		968		545		0		2450		2450
2995		952		530		0		2465		2465
2995		954		532		0		2463		2463
2995		948		530		0		2465		2465
2995		942		526		0		2469		2469
2995		939		521		0		2474		2474
2995		947		530		155		2310		2465
2995		936		521		0		2474		2474
2995		926		520		0		2475		2475
2995		914		504		0		2491		2491
2995		920		515		0		2480		2480
2995		906		502		0		2493		2493
2995		912		504		0		2491		2491
2995		903		501		0		2494		2494

Battle result: Win

For Earth Army:
	Total ES: 638	Total ET: 222	Total EG: 89	Total HU: 50
	DeadES/TotalES: 10.50%		DeadET/TotalET: 18.02%		DeadEG/TotalEG: 0.00%		DeadHU/TotalHU: 100.00%
	DeadEarthUnits/TotalEarthUnits: 15.72%
	Average Df: 22.65		Average Dd: 1431.13		Average Db: 1453.78
	Df/Db: 1.56%		Dd/Db: 98.44%

For Alien Army:
	Total AS: 740	Total AM: 110	Total AD: 150
	DeadAS/TotalAS: 100.00%		DeadAM/TotalAM: 100.00%		DeadAD/TotalAD: 100.00%
	DeadAlienUnits/TotalAlienUnits: 100.00%
	Average Df: 79.04		Average Dd: 1366.33		Average Db: 1445.37
	Df/Db: 5.47%		Dd/Db: 94.53%

HealedUnits/TotalEarthUnits: 8.71%

InfectedSoldier/TotalEarthSoldiers: 9.72%
